##FastQC	0.11.9
>>Basic Statistics	pass
#Measure	Value
Filename	mp2.fastq
File type	Conventional base calls
Encoding	Sanger / Illumina 1.9
Total Sequences	1500000
Sequences flagged as poor quality	0
Sequence length	251
%GC	44
>>END_MODULE
>>Per base sequence quality	fail
#Base	Mean	Median	Lower Quartile	Upper Quartile	10th Percentile	90th Percentile
1	30.844156	32.0	32.0	33.0	29.0	34.0
2	31.272992666666667	32.0	32.0	33.0	29.0	34.0
3	31.294274	33.0	32.0	33.0	29.0	34.0
4	31.638367333333335	33.0	32.0	33.0	29.0	34.0
5	31.563438	33.0	32.0	33.0	29.0	34.0
6	33.82467333333334	37.0	33.0	37.0	30.0	37.0
7	34.10321733333333	37.0	33.0	37.0	31.0	37.0
8	34.375016	37.0	33.0	37.0	32.0	37.0
9	34.41479133333333	37.0	33.0	37.0	32.0	37.0
10-14	34.995759199999995	37.4	34.6	37.4	32.0	37.4
15-19	36.0636296	38.0	37.0	38.0	33.0	38.0
20-24	36.0812768	38.0	37.0	38.4	32.8	38.4
25-29	36.37834386666667	38.0	37.0	39.0	32.8	39.0
30-34	36.374811466666664	38.0	37.0	39.0	32.8	39.0
35-39	36.23981666666667	38.0	37.0	39.0	32.6	39.0
40-44	36.23004866666666	38.0	37.0	39.0	32.6	39.0
45-49	36.26506986666667	38.0	37.0	39.0	32.4	39.0
50-54	36.1551048	38.0	37.0	39.0	32.2	39.0
55-59	36.286648	38.0	37.0	39.0	32.8	39.0
60-64	36.33679893333333	38.0	37.0	39.0	32.8	39.0
65-69	36.275175866666665	38.0	37.0	39.0	32.4	39.0
70-74	36.05566973333333	38.0	37.0	39.0	31.6	39.0
75-79	36.00102973333333	38.0	36.8	39.0	31.4	39.0
80-84	36.091603066666664	38.0	37.0	39.0	31.8	39.0
85-89	35.8689752	38.0	36.8	39.0	30.4	39.0
90-94	35.685041733333335	38.0	36.6	39.0	29.8	39.0
95-99	35.81739493333333	38.0	37.0	39.0	30.2	39.0
100-104	35.586882	38.0	36.4	39.0	28.8	39.0
105-109	35.4375816	38.0	36.0	39.0	26.8	39.0
110-114	35.047984	38.0	35.6	39.0	23.6	39.0
115-119	34.78483893333334	38.0	35.2	39.0	20.2	39.0
120-124	34.792176	38.0	35.0	39.0	21.2	39.0
125-129	34.70507666666666	38.0	34.8	39.0	19.6	39.0
130-134	34.53802999999999	38.0	34.4	39.0	17.2	39.0
135-139	34.21047373333333	38.0	34.0	39.0	16.2	39.0
140-144	33.621489600000004	37.6	33.2	39.0	16.0	39.0
145-149	33.079711466666666	37.0	31.6	38.6	15.8	39.0
150-154	32.68237293333333	37.0	30.4	38.2	15.0	39.0
155-159	32.569732	37.0	30.4	38.4	15.0	39.0
160-164	32.22045733333333	37.0	29.4	38.0	15.0	39.0
165-169	31.699602400000003	37.0	27.0	38.0	14.8	39.0
170-174	30.986235200000003	36.0	26.0	38.0	14.0	39.0
175-179	30.56644346666667	35.6	25.0	38.0	14.0	39.0
180-184	29.960674133333335	34.8	22.4	38.0	13.8	39.0
185-189	29.382860800000003	34.0	15.8	38.0	13.0	39.0
190-194	28.6158976	33.0	15.0	37.0	13.0	38.0
195-199	27.9101672	32.8	15.0	37.0	13.0	38.0
200-204	27.397642533333332	32.2	15.0	37.0	13.0	38.0
205-209	26.653714933333333	30.0	14.6	37.0	13.0	38.0
210-214	26.016921466666666	26.8	14.0	37.0	13.0	37.6
215-219	25.374935066666666	26.0	14.0	36.6	13.0	37.0
220-224	24.68171106666666	25.2	14.0	35.6	13.0	37.0
225-229	24.0027556	24.0	14.0	34.0	13.0	37.0
230-234	23.2139184	24.0	14.0	33.0	13.0	37.0
235-239	22.6574156	22.2	14.0	33.0	13.0	37.0
240-244	22.132188000000003	16.8	14.0	32.6	13.0	37.0
245-249	21.495359999999998	15.0	14.0	31.6	12.2	37.0
250-251	19.90356	14.5	13.5	27.5	12.0	35.0
>>END_MODULE
>>Per tile sequence quality	pass
#Tile	Base	Mean
1101	1	0.01094867735053029
1101	2	0.17934234519523784
1101	3	0.1136326390147886
1101	4	0.3177961649016865
1101	5	0.3446474331033187
1101	6	0.6036824852356304
1101	7	0.47473979394219157
1101	8	0.2985280483548536
1101	9	0.05101084780787346
1101	10-14	0.05370806080841817
1101	15-19	0.19143231998073418
1101	20-24	0.21015215726053071
1101	25-29	0.2594764909711529
1101	30-34	0.29888847482687453
1101	35-39	0.383509384944972
1101	40-44	0.5665148337979176
1101	45-49	0.3363010772992183
1101	50-54	0.37479847505486674
1101	55-59	0.14635061159788876
1101	60-64	0.19962830607949655
1101	65-69	0.20848517979903392
1101	70-74	0.38146954630070695
1101	75-79	0.46403011388083115
1101	80-84	0.2543285512922253
1101	85-89	0.3981083104448757
1101	90-94	0.5240225174744566
1101	95-99	0.256152338934335
1101	100-104	0.47420394276215205
1101	105-109	0.5679168068829057
1101	110-114	0.7433254194307324
1101	115-119	0.8773618295193657
1101	120-124	0.3687041684846264
1101	125-129	0.32677549488237645
1101	130-134	0.45960306915959137
1101	135-139	0.5056138156517918
1101	140-144	0.5074034979113335
1101	145-149	0.9407308080372587
1101	150-154	0.8103260662797567
1101	155-159	0.7008340098815324
1101	160-164	0.183704404848541
1101	165-169	0.2609671760549652
1101	170-174	0.524138306348437
1101	175-179	0.39028363840965596
1101	180-184	0.25506769730753476
1101	185-189	0.19443410508906922
1101	190-194	0.528819259321839
1101	195-199	0.33885051186088333
1101	200-204	0.44469032818522436
1101	205-209	0.47588587140548455
1101	210-214	0.3845428587355393
1101	215-219	0.34543343954288375
1101	220-224	0.12709215341044455
1101	225-229	0.05168223134524652
1101	230-234	0.457510569120231
1101	235-239	0.23591404417776474
1101	240-244	0.18156762362783496
1101	245-249	0.11937327565025413
1101	250-251	-0.09993454984881822
1102	1	0.041126828686870454
1102	2	0.21112439182305565
1102	3	0.12190268138196458
1102	4	0.2791572266174711
1102	5	0.26076818741267616
1102	6	0.4038939450880008
1102	7	0.5523195118453117
1102	8	0.3786585477296356
1102	9	0.28987980764827626
1102	10-14	0.2717076492376691
1102	15-19	0.19428819023066524
1102	20-24	0.2218324597718606
1102	25-29	-0.025485315674004028
1102	30-34	-0.1648602099584764
1102	35-39	-0.09718073441737829
1102	40-44	-0.43401340562959234
1102	45-49	-0.8662372613359892
1102	50-54	-1.15136631458941
1102	55-59	0.017314739994290562
1102	60-64	0.027275981012444106
1102	65-69	0.2907090154879626
1102	70-74	0.4075067285041669
1102	75-79	0.2450530449345294
1102	80-84	0.5266685360736787
1102	85-89	0.5883434527068303
1102	90-94	0.29782542431247805
1102	95-99	0.47270739609276546
1102	100-104	0.7193883941390382
1102	105-109	0.8379182220846175
1102	110-114	0.8966349404567282
1102	115-119	0.9937071018226291
1102	120-124	0.7156593995692972
1102	125-129	0.6108235392718626
1102	130-134	0.790690128678051
1102	135-139	0.6311990220764017
1102	140-144	0.8361664133362936
1102	145-149	1.2867923084655786
1102	150-154	1.1442192930695967
1102	155-159	0.9260078848474365
1102	160-164	0.5911381108516593
1102	165-169	0.7062373257586962
1102	170-174	1.0758042449040772
1102	175-179	0.7316977394249768
1102	180-184	0.5878001852116554
1102	185-189	0.5130691327675372
1102	190-194	0.5829643988559425
1102	195-199	0.5088733943738362
1102	200-204	0.5177261546664553
1102	205-209	0.5064265058123922
1102	210-214	0.5211443167351604
1102	215-219	0.7699135238260091
1102	220-224	0.607735475401654
1102	225-229	0.7369755848879329
1102	230-234	0.6043635911912233
1102	235-239	1.1371238707369322
1102	240-244	0.7423904984836653
1102	245-249	0.7677305477703023
1102	250-251	0.3654535982810998
1103	1	0.1961919325685777
1103	2	0.0753054286566055
1103	3	-0.21819456829760853
1103	4	0.07806306640364369
1103	5	0.031207948504487604
1103	6	0.32192381057969754
1103	7	0.21296541988666462
1103	8	0.16684406527854634
1103	9	0.22149534429951245
1103	10-14	0.10756177865526695
1103	15-19	-0.019749790478492457
1103	20-24	-0.00522926157270831
1103	25-29	0.12025562519516342
1103	30-34	0.10504884990763941
1103	35-39	0.3058793315543653
1103	40-44	0.4182386297459999
1103	45-49	0.45300276552328
1103	50-54	0.5582965537284323
1103	55-59	0.18643130285857978
1103	60-64	0.05227933610670732
1103	65-69	0.023272871413553275
1103	70-74	0.14373298100803567
1103	75-79	-0.04637330261201811
1103	80-84	0.07868973864830764
1103	85-89	0.2323835257905742
1103	90-94	0.21432987115846203
1103	95-99	0.3756405300773338
1103	100-104	0.168705593376977
1103	105-109	0.028271912126712095
1103	110-114	0.17662085079772538
1103	115-119	0.14048338020038642
1103	120-124	-0.14856973756299396
1103	125-129	0.3312052476800602
1103	130-134	0.6050796445266542
1103	135-139	0.2839233528262781
1103	140-144	-0.07578592035613241
1103	145-149	0.06802330326058126
1103	150-154	0.07183847533903531
1103	155-159	0.27799886552035247
1103	160-164	0.45055801708039667
1103	165-169	0.9047387015499773
1103	170-174	0.4926091159798709
1103	175-179	0.4266722308662132
1103	180-184	0.22315519008016693
1103	185-189	0.3158516667315716
1103	190-194	0.6949065891054822
1103	195-199	0.45553950755127204
1103	200-204	0.6578979632828492
1103	205-209	0.5438342146668695
1103	210-214	0.049523678256377934
1103	215-219	0.5002712619818332
1103	220-224	0.6347268295061212
1103	225-229	0.375432549536761
1103	230-234	0.868168035339238
1103	235-239	0.5245936155448199
1103	240-244	0.5400894422571483
1103	245-249	0.6276734550084022
1103	250-251	0.25812109332893485
1104	1	-0.050933120865558124
1104	2	0.12136966592963105
1104	3	0.044283622189372096
1104	4	0.24568120154232886
1104	5	-0.00741743654403848
1104	6	0.18915203186332263
1104	7	0.4196922754402195
1104	8	0.32695330920617494
1104	9	0.3930208223834626
1104	10-14	0.1293542675561028
1104	15-19	0.10135564069803138
1104	20-24	0.24920990109160357
1104	25-29	0.2316865910659729
1104	30-34	-0.007095415685029138
1104	35-39	0.12557431870543212
1104	40-44	0.12344303922203181
1104	45-49	0.2698471236928981
1104	50-54	0.2411726790727613
1104	55-59	0.17948800813536536
1104	60-64	0.17370028658341852
1104	65-69	0.3647922360169744
1104	70-74	0.4885769834930116
1104	75-79	0.5114862480453581
1104	80-84	0.390576965383147
1104	85-89	0.22891996820337823
1104	90-94	0.05087529738339924
1104	95-99	0.39418509218646847
1104	100-104	-0.5726697237741547
1104	105-109	-0.4096498012983574
1104	110-114	-0.7551248597818727
1104	115-119	-1.280232511144959
1104	120-124	-0.7058517591644389
1104	125-129	0.1712222307769622
1104	130-134	0.3641678515418647
1104	135-139	0.34397333206795366
1104	140-144	0.029214778827210353
1104	145-149	0.48112003874401665
1104	150-154	0.28801153304814875
1104	155-159	0.38917080176110375
1104	160-164	0.16820612842271743
1104	165-169	0.5005826327291096
1104	170-174	1.0169465960314312
1104	175-179	0.7332005642001498
1104	180-184	0.765656512133905
1104	185-189	0.7338280865774713
1104	190-194	0.8488023192127478
1104	195-199	0.8135350219191615
1104	200-204	0.7107261930604345
1104	205-209	0.6197239601508642
1104	210-214	0.7463656016512239
1104	215-219	0.5752862500836535
1104	220-224	0.6344832555077318
1104	225-229	0.5830861517908446
1104	230-234	0.6903389760732246
1104	235-239	0.7523432429989398
1104	240-244	0.6653684127890145
1104	245-249	0.8739780931095353
1104	250-251	0.3971131303606761
1105	1	-0.23404418166359164
1105	2	-0.10024450581309452
1105	3	0.09370442916276289
1105	4	-0.10813124775152261
1105	5	-0.06698110605097796
1105	6	0.23289665283893868
1105	7	0.18972220204601342
1105	8	0.20152824835879812
1105	9	0.11632798082176521
1105	10-14	0.03696991385903914
1105	15-19	-0.01362355436044993
1105	20-24	0.07480005172605075
1105	25-29	0.15344172408842383
1105	30-34	0.10579882235484916
1105	35-39	0.30622300183318885
1105	40-44	0.2562396311883006
1105	45-49	0.06916637323462993
1105	50-54	0.27988801203165536
1105	55-59	0.03000965557905033
1105	60-64	0.228789514892064
1105	65-69	0.021910726218258958
1105	70-74	0.08495672773808138
1105	75-79	0.11774532798364845
1105	80-84	0.176021162132443
1105	85-89	0.09053604845661312
1105	90-94	0.0026639273050719225
1105	95-99	0.08528551902521286
1105	100-104	-0.569954885721792
1105	105-109	-0.7611041878972813
1105	110-114	-0.8976359516385557
1105	115-119	-1.4883607340241554
1105	120-124	-1.0542819185649748
1105	125-129	0.024857217620578353
1105	130-134	0.4430259817240554
1105	135-139	0.24108690948744993
1105	140-144	0.39486656056327263
1105	145-149	0.5896554347200436
1105	150-154	0.4448594936994539
1105	155-159	-0.23113422611186252
1105	160-164	-0.22375222105675618
1105	165-169	0.19655513131042568
1105	170-174	-0.04385902035941314
1105	175-179	-0.45837746195007156
1105	180-184	0.2973856444219791
1105	185-189	0.49901264607438023
1105	190-194	0.37824178314625456
1105	195-199	0.576513437608714
1105	200-204	0.5950258277584588
1105	205-209	0.46849086643355875
1105	210-214	0.19242216903180065
1105	215-219	0.058149676201075806
1105	220-224	0.3267697526870492
1105	225-229	0.5919563353416599
1105	230-234	0.8034412635282884
1105	235-239	0.4909192837177052
1105	240-244	0.5350523402278853
1105	245-249	0.6630701936176528
1105	250-251	0.15143149821410162
1106	1	0.3231041518431148
1106	2	0.28714679937228027
1106	3	0.22538985856748184
1106	4	0.05417245625183753
1106	5	0.05212447576727541
1106	6	0.8008535467004023
1106	7	0.32936397629983816
1106	8	0.15489518702737826
1106	9	0.06282600437728547
1106	10-14	0.0706191219327934
1106	15-19	4.929980731205319E-4
1106	20-24	0.2807093028732055
1106	25-29	0.08565073790812505
1106	30-34	-0.07304700919659268
1106	35-39	0.13573583523779575
1106	40-44	-0.9815390166616922
1106	45-49	-0.09996584049876844
1106	50-54	0.15226031368408144
1106	55-59	0.08606680294937519
1106	60-64	0.5055483771073028
1106	65-69	0.1270899354093089
1106	70-74	0.19459425437000277
1106	75-79	0.06619330858135442
1106	80-84	0.015624023931579245
1106	85-89	0.3176989645020214
1106	90-94	-1.0655956938956663
1106	95-99	0.07992422073619565
1106	100-104	-0.3393905491791429
1106	105-109	0.32053000035423906
1106	110-114	-0.19342830168113068
1106	115-119	-0.30369508254875655
1106	120-124	0.29961818815532126
1106	125-129	0.29591477915811737
1106	130-134	0.07261355786339863
1106	135-139	0.33423966591474397
1106	140-144	0.20421946763185872
1106	145-149	-0.4386160046940404
1106	150-154	0.7049499555247962
1106	155-159	0.42890672828351484
1106	160-164	0.48165925888791605
1106	165-169	0.8673926063159136
1106	170-174	0.4824331331945295
1106	175-179	-0.0168972186894365
1106	180-184	0.6156796029744385
1106	185-189	0.5040650526748571
1106	190-194	0.3840254356772945
1106	195-199	0.5777752991651326
1106	200-204	0.2916868694564272
1106	205-209	0.24955894589202288
1106	210-214	0.18855500305284778
1106	215-219	0.06161119910355595
1106	220-224	0.3567463088962839
1106	225-229	0.38155288831460865
1106	230-234	0.6284582636477225
1106	235-239	0.27260264228634057
1106	240-244	0.46069145803244993
1106	245-249	0.5109463826628335
1106	250-251	0.14039574787795317
1107	1	0.21620012242186704
1107	2	0.2433623289232294
1107	3	0.2804783332251084
1107	4	0.2101874056689148
1107	5	0.007111827006454519
1107	6	0.19221532792714413
1107	7	-0.14503849551167036
1107	8	0.07159982421946154
1107	9	0.09442502714384204
1107	10-14	0.1292691349027706
1107	15-19	0.25158938563067323
1107	20-24	0.48712366706539
1107	25-29	0.46228304018865884
1107	30-34	0.37950496769501996
1107	35-39	0.37630022937003815
1107	40-44	-0.20550023642164206
1107	45-49	0.4505383401985057
1107	50-54	0.5037137453953235
1107	55-59	0.2578403689180888
1107	60-64	0.4513735587476262
1107	65-69	0.44670979378196307
1107	70-74	0.35173027067095575
1107	75-79	0.3781435996180065
1107	80-84	0.2882277534674955
1107	85-89	0.3435705471547408
1107	90-94	-0.03346595651958495
1107	95-99	0.301843323213582
1107	100-104	0.38178967657124474
1107	105-109	0.5570270754419369
1107	110-114	0.46690095398747644
1107	115-119	0.828164333777913
1107	120-124	0.920179727679816
1107	125-129	0.5287807629007872
1107	130-134	-0.35108937747337166
1107	135-139	0.3153867697303383
1107	140-144	-0.26331968473752454
1107	145-149	-0.053655508586246015
1107	150-154	0.7622616908111368
1107	155-159	-0.2085157124485164
1107	160-164	-0.15403917453244986
1107	165-169	0.4675400216534591
1107	170-174	0.6723631862138681
1107	175-179	0.8750900670937689
1107	180-184	0.29958555486187777
1107	185-189	0.654762080003934
1107	190-194	0.6192279916118508
1107	195-199	0.7848619022667727
1107	200-204	-0.12782351986115614
1107	205-209	-0.5192996170826838
1107	210-214	0.22068889203466568
1107	215-219	0.166427467822146
1107	220-224	0.22124855258159926
1107	225-229	0.4747860194617175
1107	230-234	0.6791723701373193
1107	235-239	0.23501841014551772
1107	240-244	0.2749329869385342
1107	245-249	0.4376665050412605
1107	250-251	0.21366742229024283
1108	1	-0.039539499678248546
1108	2	-0.14733830519439195
1108	3	0.201656485834242
1108	4	0.1459816276901904
1108	5	0.20380731884701575
1108	6	-0.07358988739721894
1108	7	-0.29345713895888537
1108	8	0.06765364026244214
1108	9	-1.9884484323995366E-4
1108	10-14	-0.0038464504691191337
1108	15-19	0.22485054061994703
1108	20-24	0.21748570382710142
1108	25-29	0.27712489548166985
1108	30-34	0.18799956404980378
1108	35-39	0.08242696147151918
1108	40-44	-0.5476388932472886
1108	45-49	0.4093361100379411
1108	50-54	0.3346661257011547
1108	55-59	0.12606999453478807
1108	60-64	-0.15138667002531747
1108	65-69	0.15947027147696957
1108	70-74	0.2587752807568293
1108	75-79	0.3361639360972646
1108	80-84	0.11347645149201213
1108	85-89	0.5515013667373907
1108	90-94	0.16464066086957274
1108	95-99	0.2687491632417931
1108	100-104	-0.1735888637226779
1108	105-109	0.319852657568795
1108	110-114	0.4813488426079786
1108	115-119	0.03149449448651609
1108	120-124	0.38575982694993627
1108	125-129	-0.14426949627232233
1108	130-134	0.2284578830941726
1108	135-139	-0.02175742447954576
1108	140-144	0.8239957271130649
1108	145-149	0.6677371333683482
1108	150-154	0.9788965633426798
1108	155-159	0.04832117617062437
1108	160-164	0.07164235821188925
1108	165-169	0.3326331207647222
1108	170-174	0.9861086167969795
1108	175-179	0.8987682208343593
1108	180-184	0.8581119725069186
1108	185-189	0.4907630159508578
1108	190-194	0.4229519560621604
1108	195-199	0.5631130302231213
1108	200-204	0.08822358886392223
1108	205-209	0.4811916192769523
1108	210-214	1.056336213837021
1108	215-219	0.2610628535857096
1108	220-224	0.594973861211006
1108	225-229	0.27651015317901795
1108	230-234	0.4761985209831785
1108	235-239	0.45162234392863354
1108	240-244	0.5271569787702681
1108	245-249	0.7658913604062292
1108	250-251	0.5604242168440088
1109	1	-0.1602810301437252
1109	2	0.049651519662734955
1109	3	0.07128742451737224
1109	4	-0.10080063265305128
1109	5	-0.07617969733212249
1109	6	-0.23918318936803473
1109	7	-1.0992972647122699
1109	8	-0.22768450549737906
1109	9	-0.27754570912804155
1109	10-14	-0.19904699215970822
1109	15-19	-0.08863585268061058
1109	20-24	-0.22419281848939931
1109	25-29	-0.04394589423413464
1109	30-34	-0.2998324938138879
1109	35-39	-0.22015349770357062
1109	40-44	-0.019687346440406372
1109	45-49	0.2906244750366298
1109	50-54	-0.12090417024614197
1109	55-59	-0.02324315706898261
1109	60-64	0.2600035697652672
1109	65-69	0.04604037248039816
1109	70-74	-0.03857897388318321
1109	75-79	-0.2091711812477186
1109	80-84	-0.1829451055380673
1109	85-89	-0.07776221935890959
1109	90-94	-0.08816976075286931
1109	95-99	-0.0396853707489484
1109	100-104	0.19174410589998558
1109	105-109	0.23937860969985536
1109	110-114	0.6411588802099715
1109	115-119	0.16786365647974577
1109	120-124	0.15463342121558554
1109	125-129	-1.1393471020728398
1109	130-134	0.17427174573604276
1109	135-139	0.40570848975616514
1109	140-144	0.9404785691496542
1109	145-149	0.9517271392684137
1109	150-154	0.6947001077103394
1109	155-159	-1.5989118230261
1109	160-164	-0.7059275315998477
1109	165-169	-0.23779793023303952
1109	170-174	0.18087413790441786
1109	175-179	-0.343517898082478
1109	180-184	0.3863226842253198
1109	185-189	0.4168970565100736
1109	190-194	0.1286283909538426
1109	195-199	-0.6317867400777111
1109	200-204	-0.128185057761403
1109	205-209	0.212799433146877
1109	210-214	0.37660504079099155
1109	215-219	0.23596997091420135
1109	220-224	-0.08324472920014614
1109	225-229	0.3128866417396914
1109	230-234	0.6966049760772322
1109	235-239	0.23582707692729699
1109	240-244	0.21693150674149564
1109	245-249	-0.2491784650911768
1109	250-251	0.21999617861503395
1110	1	0.24605270274396673
1110	2	0.13496533427831636
1110	3	0.13007146188524388
1110	4	0.17456590356312773
1110	5	0.29145014302125105
1110	6	-0.23463654473280116
1110	7	0.08617975504782294
1110	8	0.1326090155721289
1110	9	0.23367517432503604
1110	10-14	0.20830390146217326
1110	15-19	0.15630081953396768
1110	20-24	-0.6119266775396284
1110	25-29	0.13378328547791085
1110	30-34	0.11278357760134128
1110	35-39	0.03547856160800933
1110	40-44	0.3893932832795457
1110	45-49	0.5127563756617235
1110	50-54	0.1765184861355138
1110	55-59	0.23765718394308522
1110	60-64	-0.1446973799114133
1110	65-69	0.35241570321191773
1110	70-74	0.5861159307971349
1110	75-79	0.35548269514659125
1110	80-84	0.18394832827445384
1110	85-89	0.1896743097801803
1110	90-94	0.3322872496302409
1110	95-99	0.37488514988390875
1110	100-104	0.3995870999105122
1110	105-109	0.406906161372973
1110	110-114	0.9414091715976411
1110	115-119	0.6603046211874997
1110	120-124	0.6441064591933525
1110	125-129	-1.1306738220513068
1110	130-134	0.8267399479911433
1110	135-139	0.5798051529248838
1110	140-144	1.0180318597744886
1110	145-149	1.2446616069161678
1110	150-154	0.8261423180361476
1110	155-159	0.7615938918675909
1110	160-164	0.27640060791303256
1110	165-169	-0.28012047234639326
1110	170-174	0.3918383879984795
1110	175-179	-1.1755156620497296
1110	180-184	-0.0872581053092496
1110	185-189	0.34051762209622893
1110	190-194	0.5005944017681863
1110	195-199	-0.8420629716527159
1110	200-204	0.7334656360304379
1110	205-209	0.6613127942627166
1110	210-214	0.7575926278151073
1110	215-219	-0.16636045963582902
1110	220-224	0.4070475756134151
1110	225-229	0.0602036417933256
1110	230-234	0.2538965859875759
1110	235-239	0.6193428664388563
1110	240-244	0.3886561933497781
1110	245-249	-0.4601694185434617
1110	250-251	0.13051796034432073
1111	1	0.08190054162063731
1111	2	0.10082258485110884
1111	3	0.1556636662087918
1111	4	0.2096638442656058
1111	5	0.23279795620176813
1111	6	0.5325399694418849
1111	7	0.03528568993912984
1111	8	0.15928039703576502
1111	9	-0.06489300524430064
1111	10-14	0.1094414510614996
1111	15-19	0.09100370831870919
1111	20-24	-0.8593360985937579
1111	25-29	-0.25001720190527976
1111	30-34	0.04895979646201454
1111	35-39	-0.08099891436992124
1111	40-44	0.42528839694475096
1111	45-49	0.29844746185736426
1111	50-54	0.1779547523845011
1111	55-59	0.23129936306906274
1111	60-64	-0.02855602498001275
1111	65-69	-6.141066288662955E-4
1111	70-74	0.0071039732640585385
1111	75-79	-0.3295331574633309
1111	80-84	0.116574225242843
1111	85-89	0.14519021263183873
1111	90-94	0.37092457103238274
1111	95-99	0.10294961271537773
1111	100-104	0.3532159937409105
1111	105-109	-0.23727580422179528
1111	110-114	0.2509664751735414
1111	115-119	0.1195862119252169
1111	120-124	-0.18439837897073375
1111	125-129	0.2172621231875027
1111	130-134	-0.020330737912097163
1111	135-139	-0.0111074287562829
1111	140-144	0.1686275334624625
1111	145-149	0.5986655756297665
1111	150-154	-1.713820780751373
1111	155-159	-0.18533842139231638
1111	160-164	0.44233393137700006
1111	165-169	-1.0251997292596222
1111	170-174	-2.3708795196134886
1111	175-179	-0.06246441164415373
1111	180-184	-1.090687939081981
1111	185-189	-1.1639758238501834
1111	190-194	0.37666561156616396
1111	195-199	-2.6515239430287387
1111	200-204	-0.3346438648735308
1111	205-209	-0.12103381541728808
1111	210-214	-0.4704100016302277
1111	215-219	0.3877911446096327
1111	220-224	-0.03384625170996003
1111	225-229	-0.4067898942813919
1111	230-234	-0.6387728793866643
1111	235-239	-0.2451778189658036
1111	240-244	0.0462750234920577
1111	245-249	0.33817171747204355
1111	250-251	-0.021258334300831905
1112	1	0.5175145396755667
1112	2	0.052799471219579175
1112	3	0.1291373045255959
1112	4	-0.01048278053165319
1112	5	0.051574588651888575
1112	6	-1.745207065554787
1112	7	-0.8168267372454849
1112	8	-0.08675496884691114
1112	9	-0.18756970992451727
1112	10-14	0.07242298057413876
1112	15-19	0.09154923669223791
1112	20-24	0.12374345199840775
1112	25-29	0.059004277529872695
1112	30-34	0.23071272039934598
1112	35-39	0.12207184579621355
1112	40-44	0.06246632938312757
1112	45-49	0.11993950388131225
1112	50-54	0.1330129793620145
1112	55-59	-0.060382925819091327
1112	60-64	-0.22862489918066586
1112	65-69	-0.024937617641072052
1112	70-74	0.0059753844989529625
1112	75-79	0.371467836564058
1112	80-84	0.17158052944900248
1112	85-89	0.24074812451418381
1112	90-94	0.6219427544415623
1112	95-99	0.2825101927361189
1112	100-104	0.2360846078825034
1112	105-109	0.07560764126904473
1112	110-114	-0.20199510777861462
1112	115-119	-0.6230269640421895
1112	120-124	-0.3517673719173544
1112	125-129	-0.0036860668766678373
1112	130-134	-0.1796038805201121
1112	135-139	0.017425440544080573
1112	140-144	-1.1974181365311836
1112	145-149	-0.03764795365873397
1112	150-154	-1.7199183090389383
1112	155-159	0.180349110126798
1112	160-164	0.24791211527743684
1112	165-169	0.2791733127175071
1112	170-174	-0.8375789080755496
1112	175-179	-0.08588695772058585
1112	180-184	-0.939845647092767
1112	185-189	-1.137223963023228
1112	190-194	-0.05670713795965199
1112	195-199	0.23574868375964897
1112	200-204	0.21265633063131517
1112	205-209	-0.6303699632425932
1112	210-214	0.45568357204025034
1112	215-219	-0.3706476352006334
1112	220-224	-0.5006445240212685
1112	225-229	-1.0008233841772345
1112	230-234	-2.620371020593822
1112	235-239	-0.39477690584226366
1112	240-244	-0.004199928169043687
1112	245-249	0.1046903326498807
1112	250-251	-0.1557050294859792
1113	1	-0.01289335807500791
1113	2	-0.09106843731978742
1113	3	-0.15427089175672748
1113	4	-0.09448859717941005
1113	5	-0.025398027052769834
1113	6	-1.208116886934505
1113	7	-1.7125266634478535
1113	8	-0.3411514722726423
1113	9	-0.10998241662688457
1113	10-14	0.03526043887532637
1113	15-19	0.08470783573819318
1113	20-24	0.0603638184007238
1113	25-29	-0.07623547033792022
1113	30-34	-0.22526621313775763
1113	35-39	-0.07746725798872234
1113	40-44	-0.5410192648257848
1113	45-49	-0.27376453905689146
1113	50-54	-0.5824163785356617
1113	55-59	-0.15568513655199467
1113	60-64	0.16467420105966113
1113	65-69	0.03232917894621323
1113	70-74	-2.128379148946536
1113	75-79	-0.22852380430491337
1113	80-84	-0.07161094924919809
1113	85-89	-0.6007474008992659
1113	90-94	-0.580392209315761
1113	95-99	-0.06583755631514521
1113	100-104	0.5426937145776947
1113	105-109	0.4621010348317043
1113	110-114	0.5964926219128728
1113	115-119	-0.16435792776464808
1113	120-124	0.06822473987152478
1113	125-129	0.13165253785422237
1113	130-134	0.11805170100666373
1113	135-139	-0.35416131016665986
1113	140-144	-1.615993263631136
1113	145-149	-2.0698358378700625
1113	150-154	-1.1271817886068298
1113	155-159	0.3761376152744731
1113	160-164	-0.4139674628751706
1113	165-169	0.0882262274090948
1113	170-174	-0.22054863434155436
1113	175-179	0.024233159542106364
1113	180-184	0.19738421557294927
1113	185-189	0.3951606119648936
1113	190-194	0.8214007397435346
1113	195-199	0.416480917004705
1113	200-204	-0.8971870878937267
1113	205-209	-0.0717765283745706
1113	210-214	-0.3149594079602984
1113	215-219	-0.3232638555708114
1113	220-224	-0.5333733608321509
1113	225-229	-0.4487574319045464
1113	230-234	-0.9719613861293581
1113	235-239	-0.12012643373597243
1113	240-244	-0.16659412251345174
1113	245-249	-0.6904216276504798
1113	250-251	-0.3010592714211384
1114	1	-0.37616055517020186
1114	2	-0.2873986766134813
1114	3	-0.32279755693265955
1114	4	-0.3397406762249737
1114	5	-0.2884103157446205
1114	6	-1.112663425306529
1114	7	0.11852730655182597
1114	8	-0.2435203748925332
1114	9	0.06341205593366794
1114	10-14	-0.11445080690916143
1114	15-19	-0.30638352817958037
1114	20-24	-0.2091696646147625
1114	25-29	-0.23841539923888888
1114	30-34	-0.2584242137553474
1114	35-39	-0.09371385629445683
1114	40-44	0.04997056165547775
1114	45-49	-0.2740624962910019
1114	50-54	-0.35955436905274496
1114	55-59	-0.14893622456175848
1114	60-64	-0.21157345445233489
1114	65-69	-0.5410129276779756
1114	70-74	-0.3555869797266027
1114	75-79	-0.6429591382680044
1114	80-84	-0.45982610365455656
1114	85-89	-0.8519729235318465
1114	90-94	-0.4887212453718135
1114	95-99	-0.29278897654626945
1114	100-104	-0.26052131433195314
1114	105-109	-0.016768283064898526
1114	110-114	0.19759333335944973
1114	115-119	0.2825814030465992
1114	120-124	-0.2916573245861187
1114	125-129	-0.3101755619277995
1114	130-134	-0.3148857884402929
1114	135-139	-0.8003130032939083
1114	140-144	-1.5617172445679657
1114	145-149	-1.8204296607431374
1114	150-154	-0.9932261676920895
1114	155-159	-0.7229269283090503
1114	160-164	-0.9397262555608243
1114	165-169	-1.3265676820179912
1114	170-174	-1.6097214921298182
1114	175-179	-1.8649413144787665
1114	180-184	-1.1565171037292004
1114	185-189	-1.412928366013272
1114	190-194	-1.20611457453575
1114	195-199	-0.9443668559408529
1114	200-204	-1.2619823663648972
1114	205-209	-1.3956554523971896
1114	210-214	-0.9474764297417906
1114	215-219	-1.0889691870848388
1114	220-224	-1.2464998316038134
1114	225-229	-1.065708156204927
1114	230-234	-0.6794821917965947
1114	235-239	-0.8192509110273356
1114	240-244	-0.9127428303640066
1114	245-249	-1.1453409453189067
1114	250-251	-0.5504075493918563
2101	1	-0.005028406160654697
2101	2	0.25415897974690793
2101	3	0.0862965271245173
2101	4	-0.022428172574077365
2101	5	-0.15276570904416076
2101	6	0.3093914847518775
2101	7	0.22099575452611475
2101	8	-0.11311683905972814
2101	9	-0.1945756269005514
2101	10-14	0.01116369434785014
2101	15-19	0.06731586348436736
2101	20-24	0.2916357786125374
2101	25-29	0.15417045335188817
2101	30-34	0.0470422690713832
2101	35-39	0.002880723733781565
2101	40-44	0.25934477981220283
2101	45-49	0.10306424139872661
2101	50-54	0.10574345881443747
2101	55-59	-0.02902574871610142
2101	60-64	-0.08028010520384044
2101	65-69	-0.028156048945106704
2101	70-74	-0.12523461157498872
2101	75-79	0.02518118241585654
2101	80-84	-0.10121176827230727
2101	85-89	-0.020567677701031073
2101	90-94	-0.012327821562337249
2101	95-99	-0.34453264547566675
2101	100-104	0.09407524902945141
2101	105-109	0.14603925343582347
2101	110-114	0.32640150249881117
2101	115-119	0.2517804566235995
2101	120-124	0.40070018155015674
2101	125-129	0.04725635088930602
2101	130-134	-0.11620653871224818
2101	135-139	-0.06588094940058653
2101	140-144	0.3030166504250431
2101	145-149	0.1704745537434036
2101	150-154	0.12655031330505295
2101	155-159	-0.25418294195817026
2101	160-164	-0.2860054117707662
2101	165-169	-0.2577871178013105
2101	170-174	-0.13741376771118397
2101	175-179	-0.3908835079493578
2101	180-184	-0.08489626478863954
2101	185-189	-0.1048737201972294
2101	190-194	-0.29401976222772674
2101	195-199	-0.4305356902765993
2101	200-204	-0.13947431096823593
2101	205-209	0.02421794961160373
2101	210-214	-0.4766539939948409
2101	215-219	-0.30732321618842207
2101	220-224	-0.5146526411145551
2101	225-229	-0.24583022846019986
2101	230-234	-0.4581840853590009
2101	235-239	-0.21684992889441546
2101	240-244	-0.3509540184241118
2101	245-249	-0.2986795951864849
2101	250-251	-0.26544403495193336
2102	1	0.04518632866808758
2102	2	0.04041044809499539
2102	3	0.19456585288980222
2102	4	0.09145610741538235
2102	5	0.14125426610323544
2102	6	0.7408941543682417
2102	7	0.17786797810737198
2102	8	0.2452975488607052
2102	9	0.026486319662218705
2102	10-14	0.03688955907783509
2102	15-19	0.023326747282183646
2102	20-24	-0.028547374914637658
2102	25-29	0.12391907038661998
2102	30-34	-0.14895377909280683
2102	35-39	-0.6104127308017837
2102	40-44	-0.5068341633671523
2102	45-49	-0.8819458597725358
2102	50-54	-1.1160792220523703
2102	55-59	-0.14355534110030987
2102	60-64	-0.06401104474571895
2102	65-69	-0.09866306628993726
2102	70-74	-0.03140180649243973
2102	75-79	0.16796088352283078
2102	80-84	-0.12698590826940404
2102	85-89	-0.2871615178478564
2102	90-94	-0.6889381075031906
2102	95-99	-0.2734584528307593
2102	100-104	0.4095084589860889
2102	105-109	0.5924766258786178
2102	110-114	0.7807782360063271
2102	115-119	0.7049887971952629
2102	120-124	0.5872968594199861
2102	125-129	0.014879282941130612
2102	130-134	-0.44935859605404715
2102	135-139	-0.44938090478881065
2102	140-144	0.03785186454388878
2102	145-149	-0.27462941386902884
2102	150-154	-0.13113792921523526
2102	155-159	-0.1436349733601361
2102	160-164	0.48324550321394355
2102	165-169	0.03239121410798873
2102	170-174	0.2723876108815446
2102	175-179	0.12150227406860736
2102	180-184	0.1211714990324424
2102	185-189	0.4431722763236401
2102	190-194	0.2052235879576294
2102	195-199	0.2191832185605591
2102	200-204	-9.072990477321241E-4
2102	205-209	0.30501282079286796
2102	210-214	-0.08020819406125312
2102	215-219	0.040666461649507823
2102	220-224	-0.14330678191524981
2102	225-229	0.30942399075087934
2102	230-234	-0.12947952733473045
2102	235-239	-0.4172341367959618
2102	240-244	-0.23433598894133567
2102	245-249	-0.10606738768909807
2102	250-251	-0.07102835919864248
2103	1	0.09082371781102339
2103	2	-0.04914541771573866
2103	3	0.2470296128303744
2103	4	0.21149004267084592
2103	5	0.15591071586137772
2103	6	0.24493667414700582
2103	7	0.11606935379507632
2103	8	0.06449730084778338
2103	9	0.10082665493062137
2103	10-14	0.20404335186768918
2103	15-19	-0.0027992403813854594
2103	20-24	0.28044434436355203
2103	25-29	-0.05692809037615376
2103	30-34	-0.09451950040541846
2103	35-39	-0.37418160296526537
2103	40-44	0.21805604621762598
2103	45-49	0.19830842199191778
2103	50-54	0.13635952784714078
2103	55-59	0.2179768095504926
2103	60-64	0.060276246767216435
2103	65-69	0.0353846028961442
2103	70-74	0.0522311573312777
2103	75-79	-0.05064023691745945
2103	80-84	7.962715624287853E-4
2103	85-89	0.07650569674507324
2103	90-94	0.4500644659256636
2103	95-99	0.23298385966504043
2103	100-104	0.16434106580123853
2103	105-109	0.01964180106562452
2103	110-114	-0.09458763045852692
2103	115-119	0.4169036317509409
2103	120-124	0.015569902141265857
2103	125-129	-0.018076039437026736
2103	130-134	-0.7028896369888429
2103	135-139	-0.19026336643973707
2103	140-144	0.20515204455402625
2103	145-149	-0.554695861381127
2103	150-154	-0.6543104772253159
2103	155-159	-0.16854616142154555
2103	160-164	-0.022433393514184274
2103	165-169	-0.06967882691437666
2103	170-174	-0.19234323558206512
2103	175-179	-0.2120720049964433
2103	180-184	-0.3745823951520606
2103	185-189	-0.3451059978703803
2103	190-194	0.03647593289796802
2103	195-199	0.19927257268879117
2103	200-204	-0.3513738012488794
2103	205-209	-0.12370892070912021
2103	210-214	-0.8365281294542442
2103	215-219	-0.4556831878075549
2103	220-224	-0.01593396522450874
2103	225-229	-0.2945527571613695
2103	230-234	0.04252608594151397
2103	235-239	-0.31469715934268194
2103	240-244	-0.13407863012118426
2103	245-249	-0.1966457490716884
2103	250-251	-0.28787593236017983
2104	1	-0.036476139274320474
2104	2	-0.20782573884671862
2104	3	-0.06477770698676011
2104	4	0.043051129536692656
2104	5	0.013216973526706255
2104	6	-0.14982944234514406
2104	7	0.3078626094002104
2104	8	-0.21757247942820612
2104	9	0.00944288653672487
2104	10-14	-0.12916065152882794
2104	15-19	-0.013825860080167729
2104	20-24	-0.01836351472258002
2104	25-29	0.041585032646786146
2104	30-34	-0.03592752115264375
2104	35-39	-0.1341643348750523
2104	40-44	0.11859100935588174
2104	45-49	0.12601108423289986
2104	50-54	-0.07892204624103982
2104	55-59	0.1655351122796631
2104	60-64	-0.06226127421087568
2104	65-69	-0.0628675611369971
2104	70-74	0.06354394921770279
2104	75-79	0.027646718458136377
2104	80-84	0.08462694093775269
2104	85-89	0.610221770461699
2104	90-94	0.33368983352842463
2104	95-99	0.0362167386318859
2104	100-104	-0.5778756989659257
2104	105-109	-0.9077040968180441
2104	110-114	-1.1371892672750903
2104	115-119	-0.6763848254923985
2104	120-124	-0.5390222129852944
2104	125-129	0.08345829767714719
2104	130-134	0.11825064064817781
2104	135-139	0.15091636403101205
2104	140-144	0.7744871106501634
2104	145-149	0.8476822088459954
2104	150-154	0.057807749548516085
2104	155-159	0.14052017600104705
2104	160-164	-0.02172065420708691
2104	165-169	-0.2617679030213118
2104	170-174	0.13811291199281328
2104	175-179	0.30528378121318056
2104	180-184	0.0810891749579774
2104	185-189	0.07582855538197109
2104	190-194	-0.24361503395959616
2104	195-199	-0.05075249299349949
2104	200-204	0.0524954996574003
2104	205-209	0.2055049386396668
2104	210-214	-0.037251808833268285
2104	215-219	-0.4896439539347348
2104	220-224	-0.2604432172800202
2104	225-229	0.26072048110231094
2104	230-234	0.4736328727650445
2104	235-239	-0.12307527693426579
2104	240-244	0.01068663715984286
2104	245-249	0.17686832881540582
2104	250-251	0.09515201322428268
2105	1	-0.06397482491734507
2105	2	-0.12943464218796663
2105	3	-0.3112507695864082
2105	4	-0.12806713619273324
2105	5	-0.12706439428237815
2105	6	-0.210576429660847
2105	7	0.07717952225635827
2105	8	-0.2006356420334896
2105	9	-0.12985422429512994
2105	10-14	-0.08090982769019917
2105	15-19	-0.22048673180815115
2105	20-24	-0.10600673828603391
2105	25-29	0.0234125247646233
2105	30-34	0.1402744038356687
2105	35-39	0.24983874006827023
2105	40-44	0.12425668305885296
2105	45-49	-0.02405965091327289
2105	50-54	0.04103386833356382
2105	55-59	-0.11420894512521329
2105	60-64	0.02508163508369421
2105	65-69	-0.026751249847649206
2105	70-74	-0.19409676649220842
2105	75-79	-0.9451254265883549
2105	80-84	-0.49108666823084945
2105	85-89	-0.3106464573398213
2105	90-94	-0.5653993958051586
2105	95-99	-0.13315732847681971
2105	100-104	0.45678738514369854
2105	105-109	-0.4438299815242104
2105	110-114	-0.3901395096797273
2105	115-119	-0.08648516189781219
2105	120-124	-0.267694731522262
2105	125-129	0.15217495570865225
2105	130-134	-0.11282724657188936
2105	135-139	-0.2888936799780808
2105	140-144	0.20861680277734962
2105	145-149	0.4038383213772221
2105	150-154	0.5537838293647255
2105	155-159	0.11057570499912117
2105	160-164	-0.06667004868052118
2105	165-169	-0.3859075677227217
2105	170-174	-8.132368887672214E-4
2105	175-179	0.17381161870554607
2105	180-184	-0.11978783430661011
2105	185-189	0.03646612426842921
2105	190-194	-0.3481039248204212
2105	195-199	0.14200093936267422
2105	200-204	-0.6584224653840423
2105	205-209	0.07237230515173465
2105	210-214	-0.6302318624126002
2105	215-219	0.23856291010970665
2105	220-224	0.15780455801375837
2105	225-229	0.2530330353503487
2105	230-234	0.5077311252825218
2105	235-239	0.02667208504870544
2105	240-244	-0.09245766571888936
2105	245-249	-0.3961615033508288
2105	250-251	-0.13162863435216465
2106	1	-0.19942782034476636
2106	2	0.10484119375027134
2106	3	0.04498098530263306
2106	4	-0.08003028860345651
2106	5	-0.116744873412987
2106	6	-0.09626192915708742
2106	7	-0.1286813025303033
2106	8	-0.2307965865166821
2106	9	-0.05596744516538621
2106	10-14	-0.3392651197411425
2106	15-19	-0.11568423109771686
2106	20-24	0.02103154738395574
2106	25-29	-0.24780949939857067
2106	30-34	0.028434564694038045
2106	35-39	-0.11657131099651963
2106	40-44	0.08060382885613393
2106	45-49	-1.350536267031842
2106	50-54	-0.06696642444934753
2106	55-59	-0.1342936368850971
2106	60-64	-0.19061712575572898
2106	65-69	-0.1425832699635592
2106	70-74	-0.1363935622416932
2106	75-79	-0.2838410138333529
2106	80-84	-0.11417518339097654
2106	85-89	-0.6791337600342899
2106	90-94	-0.6339878808258703
2106	95-99	-0.41899524730705906
2106	100-104	0.018308822879973263
2106	105-109	-0.07186631243777697
2106	110-114	-0.1384755986168429
2106	115-119	-0.027002870957723246
2106	120-124	-0.03632971735673607
2106	125-129	0.24662219881318492
2106	130-134	-0.25301772768308695
2106	135-139	-0.7773918328624134
2106	140-144	0.12068591676462148
2106	145-149	-0.5380505158440982
2106	150-154	0.1084231466638812
2106	155-159	-0.014352175683235657
2106	160-164	-0.21091105206474836
2106	165-169	0.14154664189261013
2106	170-174	0.32676519017815053
2106	175-179	0.594286185343794
2106	180-184	0.2770408532509805
2106	185-189	-0.17946105029045611
2106	190-194	0.12740327850007915
2106	195-199	0.2707814985780175
2106	200-204	0.2147200854439255
2106	205-209	0.12360306974566981
2106	210-214	-0.23663584253780456
2106	215-219	-0.14733657924246657
2106	220-224	-0.08804395266851373
2106	225-229	-0.036730973019796664
2106	230-234	0.4228301117370066
2106	235-239	0.29680198593309015
2106	240-244	0.2066568812856815
2106	245-249	-0.11276853702947776
2106	250-251	0.03159998603758041
2107	1	0.10712382636033624
2107	2	-0.35615078386574694
2107	3	-0.6336407623728206
2107	4	-0.03695278261034929
2107	5	-0.2722788345735445
2107	6	0.24845549228668062
2107	7	0.24344907727271448
2107	8	-0.03759762861184157
2107	9	-0.176314465768165
2107	10-14	-0.05859561400770019
2107	15-19	-0.03687104844822642
2107	20-24	-0.04378316807014926
2107	25-29	-0.5095987473770904
2107	30-34	-0.3824394717554469
2107	35-39	-0.5991954406794733
2107	40-44	-0.32723758614641696
2107	45-49	-0.9310397078933335
2107	50-54	-0.18369817238313857
2107	55-59	-0.1461325320999478
2107	60-64	-0.10025663846429467
2107	65-69	-0.20453176004504314
2107	70-74	0.07702993762682553
2107	75-79	-0.9374802986746928
2107	80-84	-0.37628424038494046
2107	85-89	-1.1870644009572615
2107	90-94	-0.9642993236692803
2107	95-99	-0.39459596561876964
2107	100-104	-0.31437429394637206
2107	105-109	-0.37143051634980395
2107	110-114	-1.0246756541263693
2107	115-119	0.3593619246142339
2107	120-124	-0.04063667307034535
2107	125-129	0.1534859706385987
2107	130-134	-0.7174723599126551
2107	135-139	-0.34995542537486557
2107	140-144	-0.7151162653291223
2107	145-149	-1.1688365716940936
2107	150-154	0.3551245365877804
2107	155-159	-0.23946619210159525
2107	160-164	-0.5018470366068719
2107	165-169	-0.6442347075716093
2107	170-174	-0.43283938067961714
2107	175-179	-0.28773303631737335
2107	180-184	-0.18432776770843518
2107	185-189	-0.12616767321191347
2107	190-194	-0.22525452121654155
2107	195-199	-0.10044337392562852
2107	200-204	-0.012654983363365346
2107	205-209	-0.6233693099632873
2107	210-214	-0.8367599771887946
2107	215-219	-0.1388246781474507
2107	220-224	-0.11252828712727236
2107	225-229	-0.09239708392887636
2107	230-234	0.07826544082961817
2107	235-239	-0.16571047555635587
2107	240-244	-0.22186269045639762
2107	245-249	-0.37319588083278177
2107	250-251	-0.48613457645401326
2108	1	0.14800959900747301
2108	2	-0.03674699444290752
2108	3	0.0840476865267803
2108	4	-0.17067650422785263
2108	5	-0.16550874247708336
2108	6	0.4455880932305547
2108	7	0.18177978206239231
2108	8	0.04058566479225334
2108	9	-0.35437022803317575
2108	10-14	-0.11345823072950623
2108	15-19	-0.03143025914955899
2108	20-24	-3.9198231326054156E-4
2108	25-29	-0.0025102610988199103
2108	30-34	0.022587575237345447
2108	35-39	0.03807838690679688
2108	40-44	-0.023146707116438847
2108	45-49	0.3735976235534437
2108	50-54	0.24107670288162097
2108	55-59	-0.06576745711786458
2108	60-64	-0.5118691526282788
2108	65-69	-0.08776902942755527
2108	70-74	0.21468318953326104
2108	75-79	0.2540616897352592
2108	80-84	0.027695820323280884
2108	85-89	0.07198454299533807
2108	90-94	0.17981335708080337
2108	95-99	-0.020308943663529533
2108	100-104	-0.6274548256241204
2108	105-109	-0.3563382668521342
2108	110-114	-1.0000740700948754
2108	115-119	-0.28016558135554703
2108	120-124	-0.5246551749263872
2108	125-129	0.1886514062639293
2108	130-134	0.19751202352740904
2108	135-139	0.3357966142935638
2108	140-144	0.7758077574860422
2108	145-149	0.6074629603553561
2108	150-154	0.7167826982596068
2108	155-159	0.5789092670109142
2108	160-164	0.5836887205242078
2108	165-169	0.06524751450254129
2108	170-174	0.6149455080146069
2108	175-179	0.27587562956196976
2108	180-184	0.3844533149835634
2108	185-189	0.48383678270540287
2108	190-194	-0.194119885211947
2108	195-199	0.5178217755886187
2108	200-204	0.21700553878541484
2108	205-209	0.3925534014294563
2108	210-214	-0.04405016815775298
2108	215-219	0.451125856416688
2108	220-224	0.19428549681052587
2108	225-229	0.2977522864590938
2108	230-234	0.8651034800358559
2108	235-239	0.29519068889501554
2108	240-244	0.47768155168196813
2108	245-249	0.5336916680098867
2108	250-251	0.3078693583970207
2109	1	-0.0593503137942335
2109	2	-0.014344189845310495
2109	3	-0.1622083112177215
2109	4	-0.2425451532785452
2109	5	-0.4885743917969272
2109	6	0.36549505230630075
2109	7	-0.011910107316140284
2109	8	-0.28727362601804174
2109	9	-0.23934526857521377
2109	10-14	-0.113146253172836
2109	15-19	-0.15141098648218332
2109	20-24	-0.16831503236161893
2109	25-29	-0.15869755693150012
2109	30-34	-0.09093641578244416
2109	35-39	-0.06420110905244769
2109	40-44	0.02421423516525323
2109	45-49	0.1371298328651065
2109	50-54	-0.11457915733706159
2109	55-59	-0.38226763130219865
2109	60-64	-0.13465733536799718
2109	65-69	-0.25114659948211226
2109	70-74	-0.18956572167885355
2109	75-79	-0.09509531072441746
2109	80-84	-0.1083172276669444
2109	85-89	0.08556125308317064
2109	90-94	0.24925469790493082
2109	95-99	-0.4070536118221
2109	100-104	-0.17235848610229
2109	105-109	-0.1192476992702396
2109	110-114	-0.18257595211296263
2109	115-119	-0.25299622596627813
2109	120-124	-0.4017372041751557
2109	125-129	-0.14715961463676308
2109	130-134	-0.4776472513142451
2109	135-139	-0.18913205953985823
2109	140-144	0.32788214710760855
2109	145-149	0.6080444243510925
2109	150-154	0.4520972457559438
2109	155-159	-0.30584989191396517
2109	160-164	0.010559810829562366
2109	165-169	-0.07131637212530961
2109	170-174	-0.16290724409372004
2109	175-179	0.05226737243062374
2109	180-184	0.17242425089199998
2109	185-189	-0.2876197818881572
2109	190-194	-2.132819992931317
2109	195-199	0.052068446511920996
2109	200-204	0.09257435780893175
2109	205-209	-0.53699139544754
2109	210-214	-0.5571512785505099
2109	215-219	-0.028495286595212832
2109	220-224	-0.21135474990702008
2109	225-229	-0.21705367453079916
2109	230-234	0.18868780510017658
2109	235-239	-0.35998782518935
2109	240-244	-0.3127756368667036
2109	245-249	-0.048282112505482644
2109	250-251	-0.15126822483355085
2110	1	-0.011401198589286565
2110	2	0.0588731641922422
2110	3	0.03853574886497313
2110	4	0.12502722319477755
2110	5	0.15096255637472566
2110	6	0.7013661956611443
2110	7	0.26852454733901965
2110	8	0.18526761520770663
2110	9	-0.07787792175902553
2110	10-14	0.11672168474352418
2110	15-19	-0.034860218135357
2110	20-24	0.11757943085433453
2110	25-29	0.035529608126338985
2110	30-34	0.4146798938830685
2110	35-39	0.40376769901681797
2110	40-44	0.4379344352652481
2110	45-49	0.3994850264380787
2110	50-54	0.3842508370683504
2110	55-59	0.19832816546656318
2110	60-64	-0.16679658787308682
2110	65-69	0.11178450220275238
2110	70-74	0.47434123672840656
2110	75-79	0.5817434563964028
2110	80-84	0.1416263369397086
2110	85-89	0.7635117110383476
2110	90-94	0.8697966251298013
2110	95-99	0.3544015523457418
2110	100-104	-0.07691717752148719
2110	105-109	0.3674097022989784
2110	110-114	0.4550839980227792
2110	115-119	-0.3285115803937231
2110	120-124	-0.08523035620940789
2110	125-129	0.0604702281623517
2110	130-134	0.7046863857392793
2110	135-139	0.49862045092567797
2110	140-144	0.7064835669904497
2110	145-149	0.2427368118758153
2110	150-154	1.1025000768680613
2110	155-159	0.5304652050341687
2110	160-164	0.6991664119637377
2110	165-169	0.5806333894368088
2110	170-174	0.6822124993745149
2110	175-179	0.5432948398308639
2110	180-184	0.23064399130248603
2110	185-189	0.393618879214614
2110	190-194	-0.726197321578681
2110	195-199	0.13143008540686196
2110	200-204	0.5980829090491149
2110	205-209	0.7892830600406526
2110	210-214	0.5903897541924081
2110	215-219	0.4587062974391394
2110	220-224	0.3951794038696619
2110	225-229	0.2612356979334898
2110	230-234	-0.029831754153843093
2110	235-239	0.40207801839922297
2110	240-244	0.23180046800462506
2110	245-249	0.23065929753695968
2110	250-251	0.2752108217968612
2111	1	0.2957280717056392
2111	2	0.08754284051698846
2111	3	0.002172377180190921
2111	4	-0.31472366936979057
2111	5	0.11766564492786458
2111	6	-0.07810755945818926
2111	7	0.22694793635559307
2111	8	0.1551587605789848
2111	9	0.28097556520845046
2111	10-14	0.08892607660648366
2111	15-19	0.10207271649820626
2111	20-24	0.2800344601003175
2111	25-29	0.07230555186993826
2111	30-34	0.1943651014592831
2111	35-39	0.23248978175501378
2111	40-44	0.45746256061134005
2111	45-49	0.31925777213453443
2111	50-54	0.05453994007378071
2111	55-59	0.0546526148281572
2111	60-64	0.08262951052081036
2111	65-69	0.040382990294851595
2111	70-74	0.23226887705827437
2111	75-79	0.14515641550913472
2111	80-84	0.025766089659072122
2111	85-89	0.09108256530856096
2111	90-94	0.45015255487552963
2111	95-99	0.10456938987901054
2111	100-104	0.1287956924204039
2111	105-109	0.12723196577650242
2111	110-114	0.42619818805825815
2111	115-119	0.5096173964709578
2111	120-124	0.6248646718034792
2111	125-129	0.1719650440377265
2111	130-134	-0.33738203488669427
2111	135-139	0.08265116633602076
2111	140-144	-0.09779589049471582
2111	145-149	-0.10936075767685338
2111	150-154	0.18704635036102957
2111	155-159	0.3064180826486407
2111	160-164	0.6388919005479323
2111	165-169	0.04701518899769397
2111	170-174	0.37428286097876295
2111	175-179	0.6811050966451226
2111	180-184	0.39360144848393475
2111	185-189	0.538415230632161
2111	190-194	0.6659654648440636
2111	195-199	0.2856812274442291
2111	200-204	0.271898484143847
2111	205-209	0.43959669929499867
2111	210-214	0.7856163177360429
2111	215-219	0.5834692411952958
2111	220-224	0.815272753507216
2111	225-229	0.44008925340607874
2111	230-234	0.7887813711979597
2111	235-239	0.6715800547137825
2111	240-244	0.3111561088871113
2111	245-249	-0.6675451262950567
2111	250-251	0.20268559764241445
2112	1	-0.06541315562905226
2112	2	0.26907323711204967
2112	3	0.04376633461175672
2112	4	0.16680079835655803
2112	5	0.07848263462676996
2112	6	-0.16733606646813115
2112	7	0.21888101666779392
2112	8	-0.21595255330036878
2112	9	0.047051629650624704
2112	10-14	0.07842097904084966
2112	15-19	0.1037179144929894
2112	20-24	0.20714307277026478
2112	25-29	-0.05121417780728876
2112	30-34	0.10377150816957936
2112	35-39	0.13598834410947092
2112	40-44	0.08913544347959856
2112	45-49	-0.036334984385753444
2112	50-54	0.10887459906291497
2112	55-59	0.1209461804498062
2112	60-64	0.15855093661136976
2112	65-69	0.16876111251700365
2112	70-74	0.27377924164586176
2112	75-79	0.09989877042214346
2112	80-84	0.18651596120025005
2112	85-89	0.2199939913738831
2112	90-94	0.6414736666098975
2112	95-99	0.09035235796319085
2112	100-104	-0.06314535191828696
2112	105-109	-0.2669980676017687
2112	110-114	-0.37289768889711183
2112	115-119	-0.0714958096005347
2112	120-124	-0.01239836056478083
2112	125-129	0.06003247671984013
2112	130-134	0.196826444320628
2112	135-139	0.0992088315222901
2112	140-144	-1.8282741189319225
2112	145-149	-1.5550021141010966
2112	150-154	-1.7568968939663918
2112	155-159	0.24031454357655235
2112	160-164	0.3568568352841197
2112	165-169	0.6217752800583973
2112	170-174	-0.2150181716535542
2112	175-179	0.04188257737209611
2112	180-184	0.22784948712165587
2112	185-189	0.07682214781385355
2112	190-194	0.4609811448096188
2112	195-199	0.3910477366524745
2112	200-204	0.3222241598456641
2112	205-209	-0.12638376319040034
2112	210-214	0.8048283416499871
2112	215-219	0.44262398635065026
2112	220-224	0.3654239522740106
2112	225-229	0.16863105445343152
2112	230-234	-1.9177143898711542
2112	235-239	-0.38040215531617605
2112	240-244	-0.1666564833572579
2112	245-249	0.6337080347170385
2112	250-251	-3.074929984236974E-5
2113	1	0.16717178684470824
2113	2	0.26475465128471853
2113	3	0.3657800511725817
2113	4	-0.07148251738662736
2113	5	0.17566826689000337
2113	6	0.2095063223501228
2113	7	0.1720862525960598
2113	8	0.07495512741492405
2113	9	0.4084717903346302
2113	10-14	0.09879800724165477
2113	15-19	0.16570172433092978
2113	20-24	0.056122762302450724
2113	25-29	0.046893742428665064
2113	30-34	-0.07424685035498158
2113	35-39	0.0409027208949837
2113	40-44	-0.02659774451784358
2113	45-49	0.29839239198318523
2113	50-54	0.31047638512643516
2113	55-59	0.008741085048107777
2113	60-64	0.4535279415439746
2113	65-69	0.007125633436075418
2113	70-74	-0.05103800083920618
2113	75-79	0.21618318118839852
2113	80-84	0.14807078553577924
2113	85-89	-0.11938991845892843
2113	90-94	0.2461800390520068
2113	95-99	-0.0304869734639297
2113	100-104	0.400167447300106
2113	105-109	0.09610766133707216
2113	110-114	0.09256577565412272
2113	115-119	0.36264459103779245
2113	120-124	0.3168380630882197
2113	125-129	0.3529779261400776
2113	130-134	0.3220043021702921
2113	135-139	0.25945199669772023
2113	140-144	0.1431543607582384
2113	145-149	0.41242186707084727
2113	150-154	-0.043523384767738094
2113	155-159	0.4431184781537283
2113	160-164	0.23907417776405282
2113	165-169	0.6187654261017848
2113	170-174	-0.19723181957737168
2113	175-179	0.06561164381280449
2113	180-184	0.3399003035309889
2113	185-189	0.41400743814299545
2113	190-194	0.3344623465661556
2113	195-199	0.39735404371011995
2113	200-204	0.11158373814919642
2113	205-209	0.3548590171006829
2113	210-214	0.5673158620982761
2113	215-219	0.2807781927862685
2113	220-224	0.4820492212864842
2113	225-229	0.3119063660200183
2113	230-234	-0.03324609529243361
2113	235-239	-0.9257005991407894
2113	240-244	-0.990818763607269
2113	245-249	0.0525567676635994
2113	250-251	0.116240434455122
2114	1	-1.172159223002307
2114	2	-1.115846692764574
2114	3	-0.8072425158657346
2114	4	-0.6325440394949418
2114	5	-0.5213274085151731
2114	6	-1.2272828123937458
2114	7	-0.4227020516552429
2114	8	-0.522255624269576
2114	9	-0.5308330448001755
2114	10-14	-0.7077021054426993
2114	15-19	-0.8139443403232747
2114	20-24	-0.9041495789235228
2114	25-29	-0.6196650371021803
2114	30-34	-0.5653029955563156
2114	35-39	-0.5089050768623267
2114	40-44	-0.48793936266516624
2114	45-49	-0.4272593938420073
2114	50-54	-0.5401511868717748
2114	55-59	-0.8612092628537482
2114	60-64	-0.7677517090812884
2114	65-69	-0.9676308885036562
2114	70-74	-1.048140078667707
2114	75-79	-0.5948555378655485
2114	80-84	-0.8983713168880882
2114	85-89	-1.1110900857996313
2114	90-94	-0.8786401184931449
2114	95-99	-1.3924553650589218
2114	100-104	-1.391146079613705
2114	105-109	-1.20220411408922
2114	110-114	-1.0846795976327712
2114	115-119	-1.124128554949671
2114	120-124	-0.8579246875457471
2114	125-129	-1.2770803680495035
2114	130-134	-1.5892701312580968
2114	135-139	-1.5867699897056298
2114	140-144	-1.1707221052474637
2114	145-149	-1.5010142959115456
2114	150-154	-2.246305712311873
2114	155-159	-2.3667820934310093
2114	160-164	-2.3780380505291276
2114	165-169	-2.1510426023479106
2114	170-174	-1.8106678760863595
2114	175-179	-2.0365771654773503
2114	180-184	-2.676420525683895
2114	185-189	-2.7631721345792286
2114	190-194	-2.690788478159096
2114	195-199	-2.2264611823417937
2114	200-204	-2.2200289080520967
2114	205-209	-2.777638707030267
2114	210-214	-2.2292931551344495
2114	215-219	-2.3413016942099567
2114	220-224	-2.576966857972323
2114	225-229	-2.3392207791972908
2114	230-234	-2.04666811505745
2114	235-239	-2.164640603151284
2114	240-244	-2.2296173531895533
2114	245-249	-2.0922196115662786
2114	250-251	-0.9441038118107699
>>END_MODULE
>>Per sequence quality scores	pass
#Quality	Count
5	2.0
6	5.0
7	5.0
8	7.0
9	18.0
10	36.0
11	47.0
12	58.0
13	99.0
14	142.0
15	305.0
16	856.0
17	1861.0
18	3115.0
19	4729.0
20	7747.0
21	11340.0
22	16050.0
23	21962.0
24	29040.0
25	38054.0
26	48505.0
27	60627.0
28	74557.0
29	88839.0
30	104393.0
31	118189.0
32	131578.0
33	144204.0
34	157250.0
35	170584.0
36	167670.0
37	93475.0
38	4651.0
>>END_MODULE
>>Per base sequence content	pass
#Base	G	A	T	C
1	19.529087444223062	30.10549642727221	26.090624801839596	24.27479132666513
2	25.25595517484159	28.15120223592413	26.011419641142712	20.58142294809157
3	20.970682844714077	30.35123918731979	26.220570342839046	22.457507625127086
4	21.110169610171944	25.799133182085765	30.765169146829034	22.325528060913257
5	25.36607255374321	25.999835974958845	26.95018106097531	21.683910410322643
6	21.921928730176617	25.77848222388628	29.74412558404087	22.55546346189623
7	26.035284407364095	24.97189861366494	27.108537354509487	21.884279624461474
8	21.93474615541043	25.145232642257316	30.869462307520497	22.05055889481176
9	21.78639215505879	27.758032977926938	28.625315255674604	21.83025961133967
10-14	21.991529610559706	27.698568173220412	28.841528030412434	21.468374185807452
15-19	22.05661378927885	28.150658619429347	27.167279747814238	22.625447843477563
20-24	21.83350087120583	27.574791279993793	27.519782493256923	23.07192535554346
25-29	22.08720327829066	27.116093681449467	28.219423045380537	22.577279994879337
30-34	22.25213992631106	27.288230972024607	28.247280670054632	22.2123484316097
35-39	22.320912201937052	27.931177074030867	27.600672024711137	22.147238699320948
40-44	22.53390661283803	27.857492540951917	27.395807036796548	22.212793809413505
45-49	22.480505727005237	27.816985452934656	27.49650571207067	22.20600310798943
50-54	22.561505898768456	27.756907854294806	27.459589229057084	22.221997017879655
55-59	22.55686072647575	27.74571415045464	27.419182123018267	22.278243000051344
60-64	22.552849656914624	27.789662312668558	27.375900919161573	22.28158711125525
65-69	22.618562021083175	27.720647603224013	27.37667089592491	22.2841194797679
70-74	22.69566447692234	27.738330553647533	27.329425371137063	22.236579598293062
75-79	22.753336493643044	27.700234622993055	27.317090408193334	22.229338475170568
80-84	22.813758843911888	27.774590662365263	27.247703143269238	22.16394735045361
85-89	22.96430655524867	27.724668247684214	27.15181608989397	22.159209107173147
90-94	23.049487596997736	27.72020701206637	27.119228757240872	22.111076633695028
95-99	23.19864525593544	27.727913965910833	27.03608663630432	22.037354141849406
100-104	23.333636481468936	27.796381531397703	26.93479630312182	21.93518568401154
105-109	23.510369794065724	27.745650324873715	26.862766226149233	21.881213654911328
110-114	23.701346892633065	27.782899529893832	26.7353726782582	21.780380899214897
115-119	23.90427051593293	27.84016776545804	26.596490544854973	21.65907117375405
120-124	24.1018374501006	27.84933314557717	26.48590068552336	21.562928718798872
125-129	24.298552190384136	27.900846751523183	26.395547753393355	21.405053304699326
130-134	24.445802511247166	27.954926524378127	26.29027384440679	21.308997119967913
135-139	24.63985119143753	28.040192513603102	26.135317981399464	21.18463831355991
140-144	24.808033258871646	28.154387256804387	26.004728479799223	21.032851004524748
145-149	24.9568212536127	28.25600869718517	25.896229439010188	20.890940610191947
150-154	25.02536385124023	28.394252204755354	25.804728860864266	20.775655083140148
155-159	25.154257930155556	28.54619645772943	25.647076764151482	20.652468847963533
160-164	25.212907530737432	28.74183549504173	25.52878959644667	20.51646737777417
165-169	25.28829617694026	28.932074028207484	25.429672828916754	20.349956965935505
170-174	25.272989798749553	29.145224350868965	25.318934280297924	20.26285157008356
175-179	25.220002676168402	29.432804536345813	25.202255032438526	20.144937755047263
180-184	25.224204196969012	29.628088809302426	25.072139328067202	20.07556766566136
185-189	25.154327130505173	29.92768190725278	24.92913120778161	19.98885975446044
190-194	25.104504513406557	30.15417061305709	24.878156517015626	19.863168356520728
195-199	24.996562316851588	30.319777959044174	24.82921723620955	19.854442487894683
200-204	24.933047437601413	30.574115468348783	24.725142287966193	19.767694806083615
205-209	24.791579957118913	30.774275034740565	24.685412085832137	19.748732922308378
210-214	24.68897449413188	30.87002450694239	24.631935006509448	19.809065992416286
215-219	24.624432228484505	31.054791820671795	24.581395361258647	19.73938058958505
220-224	24.575952779408926	31.165197565588826	24.54381494159779	19.715034713404457
225-229	24.352745019081993	31.35999649656118	24.527649929557384	19.759608554799442
230-234	24.38819331681053	31.419229659858132	24.45683061276814	19.7357464105632
235-239	24.15526969997808	31.469531876802836	24.583309570406804	19.791888852812278
240-244	24.14507812161893	31.488478243330825	24.514421363589978	19.85202227146027
245-249	24.123341982023366	31.341797743506472	24.655122913331045	19.879737361139117
250-251	26.52362173457191	32.16815815940742	22.53476571806883	18.773454387951844
>>END_MODULE
>>Per sequence GC content	pass
#GC Content	Count
0	0.0
1	0.0
2	0.0
3	0.3333333333333333
4	0.3333333333333333
5	0.3333333333333333
6	0.0
7	0.0
8	0.0
9	0.6666666666666666
10	2.333333333333333
11	1.6666666666666665
12	2.333333333333333
13	1.9999999999999998
14	2.333333333333333
15	3.3333333333333335
16	4.333333333333333
17	6.666666666666664
18	10.333333333333334
19	10.333333333333334
20	16.333333333333343
21	20.33333333333333
22	24.333333333333314
23	34.666666666666636
24	50.333333333333414
25	62.00000000000016
26	100.99999999999964
27	154.66666666666669
28	241.66666666666916
29	374.3333333333295
30	547.666666666659
31	737.0000000000139
32	1032.666666666711
33	1574.3333333332546
34	2496.0000000000173
35	3849.333333333966
36	5977.6666666657
37	9213.33333333221
38	14099.333333341097
39	20945.66666666199
40	30138.666666628545
41	41261.00000001411
42	53441.333333436065
43	64546.6666668502
44	72973.66666674917
45	76942.00000002475
46	75606.33333337752
47	68576.0000001465
48	58256.00000013776
49	46364.00000005124
50	34260.99999996318
51	23956.333333317703
52	15881.000000011005
53	9964.66666666691
54	6073.33333333228
55	3602.3333333338537
56	2197.9999999998818
57	1379.333333333299
58	884.0000000000306
59	580.3333333333294
60	419.66666666666026
61	303.33333333333354
62	241.00000000000247
63	182.0000000000008
64	122.666666666666
65	88.33333333333316
66	75.33333333333334
67	48.3333333333334
68	34.3333333333333
69	23.333333333333318
70	14.666666666666675
71	11.333333333333336
72	5.999999999999998
73	3.666666666666667
74	3.666666666666667
75	3.3333333333333335
76	2.333333333333333
77	0.3333333333333333
78	0.6666666666666666
79	2.333333333333333
80	1.9999999999999998
81	1.3333333333333333
82	1.6666666666666665
83	0.3333333333333333
84	0.3333333333333333
85	0.6666666666666666
86	0.6666666666666666
87	0.3333333333333333
88	0.3333333333333333
89	0.3333333333333333
90	0.3333333333333333
91	0.3333333333333333
92	0.0
93	1.3333333333333333
94	1.3333333333333333
95	1.0
96	1.3333333333333333
97	1.6666666666666665
98	0.6666666666666666
99	1.6666666666666665
100	3.0
>>END_MODULE
>>Per base N content	pass
#Base	N-Count
1	0.123
2	0.008533333333333334
3	0.0016666666666666668
4	0.0020666666666666667
5	0.015266666666666668
6	0.021266666666666666
7	0.004933333333333333
8	0.011000000000000001
9	0.0018
10-14	0.00932
15-19	0.005986666666666667
20-24	0.015973333333333332
25-29	0.012933333333333333
30-34	0.012133333333333333
35-39	0.011613333333333333
40-44	0.018520000000000002
45-49	0.008239999999999999
50-54	0.008506666666666668
55-59	0.01593333333333333
60-64	0.013226666666666666
65-69	0.008733333333333333
70-74	0.012679999999999999
75-79	0.0098
80-84	0.01408
85-89	0.013760000000000001
90-94	0.009693333333333333
95-99	0.013586666666666667
100-104	0.012213333333333333
105-109	0.018586666666666668
110-114	0.01974666666666667
115-119	0.025506666666666667
120-124	0.01216
125-129	0.01632
130-134	0.010373333333333333
135-139	0.10610666666666665
140-144	0.19625333333333334
145-149	0.16693333333333335
150-154	0.15974666666666665
155-159	0.14992
160-164	0.16949333333333333
165-169	0.17210666666666666
170-174	0.14034666666666668
175-179	0.15575999999999998
180-184	0.16541333333333333
185-189	0.18173333333333333
190-194	0.14785333333333334
195-199	0.12653333333333333
200-204	0.15318666666666667
205-209	0.14556
210-214	0.18610666666666667
215-219	0.14762666666666668
220-224	0.13848
225-229	0.13621333333333333
230-234	0.15146666666666667
235-239	0.17129333333333335
240-244	0.17957333333333333
245-249	0.15186666666666668
250-251	0.10753333333333333
>>END_MODULE
>>Sequence Length Distribution	pass
#Length	Count
251	1500000.0
>>END_MODULE
>>Sequence Duplication Levels	pass
#Total Deduplicated Percentage	96.05308248330793
#Duplication Level	Percentage of deduplicated	Percentage of total
1	96.14714239164621	92.35229398679147
2	3.6591854823376546	7.0295208991340346
3	0.1798858813091177	0.5183578018490166
4	0.011192082287768624	0.04300136012588037
5	0.002135159276941998	0.010254431507155493
6	0.0	0.0
7	0.0	0.0
8	0.0	0.0
9	0.0	0.0
>10	2.5078690319534156E-4	0.002838599250001425
>50	0.0	0.0
>100	2.0821623910934035E-4	0.043732921342446884
>500	0.0	0.0
>1k	0.0	0.0
>5k	0.0	0.0
>10k+	0.0	0.0
>>END_MODULE
>>Overrepresented sequences	pass
>>END_MODULE
>>Adapter Content	fail
#Position	Illumina Universal Adapter	Illumina Small RNA 3' Adapter	Illumina Small RNA 5' Adapter	Nextera Transposase Sequence	SOLID Small RNA Adapter
1	0.0262	0.0	0.0	0.6984	0.0
2	0.026333333333333334	0.0	0.0	1.1482	0.0
3	0.026466666666666666	0.0	0.0	1.5668	0.0
4	0.026533333333333332	0.0	0.0	2.054133333333333	0.0
5	0.026733333333333335	0.0	0.0	2.5808	0.0
6	0.0268	0.0	0.0	3.1766666666666667	0.0
7	0.026866666666666667	0.0	0.0	3.7756	0.0
8	0.027	0.0	0.0	4.397333333333333	0.0
9	0.027133333333333332	0.0	0.0	4.961133333333334	0.0
10-14	0.027493333333333335	0.0	0.0	6.480666666666667	0.0
15-19	0.02852	0.0	0.0	8.887133333333335	0.0
20-24	0.030119999999999997	0.0	0.0	11.304253333333332	0.0
25-29	0.034346666666666664	0.0	0.0	13.603186666666668	0.0
30-34	0.04514666666666667	0.0	0.0	15.854	0.0
35-39	0.06621333333333333	0.0	0.0	18.043853333333335	0.0
40-44	0.09822666666666666	0.0	0.0	20.22602666666667	0.0
45-49	0.14645333333333332	0.0	0.0	22.34296	0.0
50-54	0.22205333333333335	0.0	0.0	24.451586666666667	0.0
55-59	0.3299333333333333	0.0	0.0	26.505546666666667	0.0
60-64	0.47918666666666665	0.0	0.0	28.538026666666667	0.0
65-69	0.6792533333333333	0.0	0.0	30.517986666666665	0.0
70-74	0.9404800000000002	0.0	0.0	32.47982666666667	0.0
75-79	1.2797066666666665	0.0	0.0	34.38633333333333	0.0
80-84	1.7144133333333333	0.0	0.0	36.2422	0.0
85-89	2.2477333333333336	0.0	0.0	38.041399999999996	0.0
90-94	2.8871200000000004	0.0	0.0	39.79905333333333	0.0
95-99	3.6559733333333333	0.0	0.0	41.51829333333334	0.0
100-104	4.544826666666667	0.0	0.0	43.17072	0.0
105-109	5.569906666666666	0.0	0.0	44.768800000000006	0.0
110-114	6.7167200000000005	0.0	0.0	46.305373333333335	0.0
115-119	8.000399999999999	0.0	0.0	47.78034666666667	0.0
120-124	9.416360000000001	0.0	0.0	49.21573333333333	0.0
125-129	10.9458	0.0	0.0	50.605560000000004	0.0
130-134	12.5872	0.0	0.0	51.93161333333334	0.0
135-139	14.321346666666667	0.0	0.0	53.18787999999999	0.0
140-144	16.102733333333333	0.0	0.0	54.38149333333333	0.0
145-149	17.951573333333336	0.0	0.0	55.51045333333333	0.0
150-154	19.8506	0.0	0.0	56.59354666666667	1.3333333333333333E-5
155-159	21.799733333333332	0.0	0.0	57.6154	6.666666666666667E-5
160-164	23.773293333333335	0.0	0.0	58.60090666666666	6.666666666666667E-5
165-169	25.752613333333336	0.0	0.0	59.524800000000006	6.666666666666667E-5
170-174	27.75132	0.0	0.0	60.39902666666667	1.3333333333333334E-4
175-179	29.736386666666665	0.0	0.0	61.23245333333333	1.3333333333333334E-4
180-184	31.72285333333333	0.0	0.0	62.02106666666667	1.3333333333333334E-4
185-189	33.64672	0.0	0.0	62.74558666666667	1.3333333333333334E-4
190-194	35.521586666666664	4.0E-5	0.0	63.41472	1.3333333333333334E-4
195-199	37.35710666666667	6.666666666666667E-5	0.0	64.06577333333334	1.3333333333333334E-4
200-204	39.16202666666667	6.666666666666667E-5	0.0	64.66604	1.3333333333333334E-4
205-209	40.91841333333333	6.666666666666667E-5	0.0	65.22453333333334	1.3333333333333334E-4
210-214	42.61622666666666	6.666666666666667E-5	0.0	65.73937333333333	1.3333333333333334E-4
215-219	44.2414	6.666666666666667E-5	0.0	66.21726666666666	1.3333333333333334E-4
220-224	45.79881333333333	6.666666666666667E-5	0.0	66.65784	1.3333333333333334E-4
225-229	47.271613333333335	6.666666666666667E-5	0.0	67.05701333333334	1.3333333333333334E-4
230-234	48.682066666666664	6.666666666666667E-5	0.0	67.41518666666666	1.4666666666666666E-4
235-239	49.99845333333334	6.666666666666667E-5	0.0	67.74554666666666	2.0E-4
240	50.76573333333333	6.666666666666667E-5	0.0	67.93366666666667	2.0E-4
>>END_MODULE
