##FastQC	0.11.9
>>Basic Statistics	pass
#Measure	Value
Filename	sub2.fastq
File type	Conventional base calls
Encoding	Sanger / Illumina 1.9
Total Sequences	5000000
Sequences flagged as poor quality	0
Sequence length	101
%GC	46
>>END_MODULE
>>Per base sequence quality	pass
#Base	Mean	Median	Lower Quartile	Upper Quartile	10th Percentile	90th Percentile
1	31.6390328	33.0	31.0	34.0	30.0	34.0
2	31.811893	34.0	31.0	34.0	30.0	34.0
3	31.984747	34.0	31.0	34.0	30.0	34.0
4	35.34357	37.0	35.0	37.0	33.0	37.0
5	35.2994624	37.0	35.0	37.0	33.0	37.0
6	35.2849516	37.0	35.0	37.0	33.0	37.0
7	35.3169706	37.0	35.0	37.0	33.0	37.0
8	35.272725	37.0	35.0	37.0	33.0	37.0
9	36.8799692	39.0	37.0	39.0	33.0	39.0
10-11	36.848875	39.0	37.0	39.0	33.0	39.0
12-13	36.768573	39.0	37.0	39.0	33.0	39.0
14-15	38.1771983	40.0	38.0	41.0	33.0	41.0
16-17	38.0546519	40.0	38.0	41.0	33.0	41.0
18-19	37.954116	40.0	38.0	41.0	33.0	41.0
20-21	37.8683239	40.0	38.0	41.0	32.5	41.0
22-23	37.6678171	40.0	38.0	41.0	32.0	41.0
24-25	37.517416	40.0	38.0	41.0	32.0	41.0
26-27	37.3753847	40.0	38.0	41.0	31.0	41.0
28-29	37.2747234	40.0	37.5	41.0	31.0	41.0
30-31	37.192829599999996	40.0	37.0	41.0	31.0	41.0
32-33	37.088284	40.0	37.0	41.0	30.5	41.0
34-35	36.964568400000005	40.0	37.0	41.0	30.0	41.0
36-37	36.908654	40.0	37.0	41.0	30.0	41.0
38-39	36.779829199999995	40.0	37.0	41.0	30.0	41.0
40-41	36.8362122	40.0	37.0	41.0	30.0	41.0
42-43	36.8495609	40.0	37.0	41.0	30.0	41.0
44-45	36.6423834	40.0	37.0	41.0	30.0	41.0
46-47	36.469009400000004	39.5	36.0	41.0	29.5	41.0
48-49	36.1648457	39.0	35.5	41.0	29.0	41.0
50-51	34.5615133	37.5	33.5	39.5	26.5	40.0
52-53	34.7370589	37.5	34.0	39.5	27.0	40.0
54-55	35.2876725	38.0	35.0	40.0	28.0	41.0
56-57	35.0597865	37.5	35.0	40.0	28.0	41.0
58-59	34.63571760000001	37.0	34.0	40.0	26.5	41.0
60-61	34.112725	36.0	34.0	39.0	26.0	41.0
62-63	33.4326497	35.5	33.5	39.0	25.0	41.0
64-65	33.1624982	35.0	33.0	37.5	25.0	40.0
66-67	32.908234	35.0	33.0	37.0	25.5	39.0
68-69	32.623953900000004	35.0	33.0	36.5	25.5	39.0
70-71	32.293058599999995	35.0	33.0	36.0	25.0	38.5
72-73	31.976231900000002	35.0	33.0	35.5	24.0	37.0
74-75	31.6784684	35.0	33.0	35.0	24.0	37.0
76-77	31.4287994	35.0	32.0	35.0	23.0	36.0
78-79	31.2160752	35.0	32.0	35.0	23.0	36.0
80-81	30.970436300000003	35.0	32.0	35.0	20.0	36.0
82-83	30.766181600000003	35.0	32.0	35.0	20.0	35.0
84-85	30.522499	35.0	31.0	35.0	18.5	35.0
86-87	30.2789311	34.5	31.0	35.0	17.5	35.0
88-89	30.0951126	34.0	31.0	35.0	16.0	35.0
90-91	29.8557178	34.0	31.0	35.0	10.0	35.0
92-93	29.6816996	34.0	31.0	35.0	6.0	35.0
94-95	29.4162218	34.0	30.0	35.0	2.0	35.0
96-97	29.1160642	34.0	30.0	35.0	2.0	35.0
98-99	28.7971367	34.0	30.0	35.0	2.0	35.0
100-101	27.9945875	33.5	28.5	35.0	2.0	35.0
>>END_MODULE
>>Per tile sequence quality	warn
#Tile	Base	Mean
1101	1	0.6856650903302217
1101	2	0.7101863611551877
1101	3	0.6413887501216138
1101	4	0.5820964664706736
1101	5	0.6322648551004377
1101	6	0.6015141230761856
1101	7	0.5931189281797131
1101	8	0.6165686718280838
1101	9	0.6623486882932852
1101	10-11	0.7462389372582194
1101	12-13	0.7575030104303977
1101	14-15	0.847067899998251
1101	16-17	0.8488888904753438
1101	18-19	0.8703855660871014
1101	20-21	0.8771852360297174
1101	22-23	0.8864861409097173
1101	24-25	0.9163250187872123
1101	26-27	0.8680476028161195
1101	28-29	0.8631272372640666
1101	30-31	0.7804522581597482
1101	32-33	0.7260197745963595
1101	34-35	0.7185461251368395
1101	36-37	0.5864404503267053
1101	38-39	0.5506715485698876
1101	40-41	0.7110037129620252
1101	42-43	0.6964030097148495
1101	44-45	0.7318942531246364
1101	46-47	0.7521874750209463
1101	48-49	0.712360131767646
1101	50-51	0.5591914236473841
1101	52-53	0.48343437980628323
1101	54-55	0.5630200383510697
1101	56-57	0.5683596356030662
1101	58-59	0.5667570687343471
1101	60-61	0.5327470774078407
1101	62-63	0.7695041259349367
1101	64-65	0.5855242980507072
1101	66-67	0.3675956351349754
1101	68-69	0.2120113971428168
1101	70-71	0.0915146578931143
1101	72-73	-0.04016118299917082
1101	74-75	-0.07595406227765267
1101	76-77	-0.1405599192180631
1101	78-79	-0.187860443663741
1101	80-81	-0.27137094186744903
1101	82-83	-0.37696094434666705
1101	84-85	-0.38583863746044855
1101	86-87	-0.4425353112368846
1101	88-89	-0.678068744831819
1101	90-91	-0.7136573474566923
1101	92-93	-0.9624084844238077
1101	94-95	-1.2003616237265184
1101	96-97	-1.4366271895699967
1101	98-99	-1.4885393526152662
1101	100-101	-1.651567539609367
1102	1	0.5347222316178879
1102	2	0.5382561502699232
1102	3	0.48338492969788405
1102	4	0.4904345807859656
1102	5	0.556374723497008
1102	6	0.5333928315745027
1102	7	0.4779483101660631
1102	8	0.5102196300213748
1102	9	0.6410593130050799
1102	10-11	0.6599722346609269
1102	12-13	0.6299992480054613
1102	14-15	0.7228466752735585
1102	16-17	0.7596661575093009
1102	18-19	0.7615540598862722
1102	20-21	0.7633322675476677
1102	22-23	0.7663843131501977
1102	24-25	0.8492588487701695
1102	26-27	0.8860667591851055
1102	28-29	0.8097405027817501
1102	30-31	0.6863523102155398
1102	32-33	0.7181866825952667
1102	34-35	0.7159334190247222
1102	36-37	0.7343844270323174
1102	38-39	0.6813614452884096
1102	40-41	0.7960579271846413
1102	42-43	0.809097842396838
1102	44-45	0.8447557556765162
1102	46-47	0.8058843769855315
1102	48-49	0.8208627111806734
1102	50-51	0.7581359545788686
1102	52-53	0.6422307766292832
1102	54-55	0.706087549769201
1102	56-57	0.7079549716546367
1102	58-59	0.749934224459686
1102	60-61	0.8248707827772179
1102	62-63	0.8891275999225101
1102	64-65	0.6837754707373236
1102	66-67	0.5487828050921735
1102	68-69	0.4630461917868658
1102	70-71	0.3802369825503433
1102	72-73	0.39033947475217445
1102	74-75	0.34551173226702403
1102	76-77	0.22365847235737846
1102	78-79	0.24392109469881973
1102	80-81	0.16330336319314043
1102	82-83	0.15712098239655958
1102	84-85	0.17422467187324386
1102	86-87	0.17888563135875302
1102	88-89	0.10194602475619874
1102	90-91	0.08273818062474803
1102	92-93	-0.03413122181983752
1102	94-95	-0.1653236539379641
1102	96-97	-0.2723325442288953
1102	98-99	-0.30184875445888437
1102	100-101	-0.42193902088502355
1103	1	0.6364973533340965
1103	2	0.6843237944608944
1103	3	0.5868132904702108
1103	4	0.5846491133278704
1103	5	0.6615951077207995
1103	6	0.6606925217514217
1103	7	0.6226904366402195
1103	8	0.6235252795830419
1103	9	0.6887757532367971
1103	10-11	0.7288032677438068
1103	12-13	0.7397753929206914
1103	14-15	0.8478822226602389
1103	16-17	0.8386209775260554
1103	18-19	0.886157185689008
1103	20-21	0.8892294922905677
1103	22-23	0.949104533208704
1103	24-25	0.9549576186815543
1103	26-27	0.9851951753406354
1103	28-29	0.915145483197449
1103	30-31	0.8819991429743936
1103	32-33	0.8429379651188711
1103	34-35	0.9102606305269205
1103	36-37	0.8706999299052853
1103	38-39	0.8941200447751143
1103	40-41	0.8922893863531343
1103	42-43	0.9349928478078766
1103	44-45	0.9894329558144221
1103	46-47	1.0304297501159212
1103	48-49	1.0343529449672673
1103	50-51	0.9625114195778508
1103	52-53	0.9092376309704875
1103	54-55	1.0012557346546842
1103	56-57	0.9845040446288422
1103	58-59	1.0143460271015527
1103	60-61	1.0341805351002193
1103	62-63	1.2218073291413916
1103	64-65	1.0927529194534529
1103	66-67	0.921303996339006
1103	68-69	0.8617781384468302
1103	70-71	0.8612238848369458
1103	72-73	0.7980654161176872
1103	74-75	0.8296827991942912
1103	76-77	0.8201880889712783
1103	78-79	0.8075750303205247
1103	80-81	0.7707838323111602
1103	82-83	0.7762437183679971
1103	84-85	0.8021818826326168
1103	86-87	0.8434531418893769
1103	88-89	0.8369439995070813
1103	90-91	0.8740430037246298
1103	92-93	0.8421254367741149
1103	94-95	0.855220314964587
1103	96-97	0.8500104314051491
1103	98-99	0.82323747855121
1103	100-101	0.6701060386015563
1104	1	0.35782339777162164
1104	2	0.36310700910936333
1104	3	0.2564321719343141
1104	4	0.30506097059270587
1104	5	0.34429911515216105
1104	6	0.3061866465435159
1104	7	0.25643548237401603
1104	8	0.2795755283027006
1104	9	0.24999626551199583
1104	10-11	0.30703604105732296
1104	12-13	0.368807040362924
1104	14-15	0.43337237386244
1104	16-17	0.44434858477753636
1104	18-19	0.46386935959697695
1104	20-21	0.5527742716892448
1104	22-23	0.5193914976472271
1104	24-25	0.5579830062463387
1104	26-27	0.570833526302394
1104	28-29	0.611325911382103
1104	30-31	0.5692475364752454
1104	32-33	0.5558589507170879
1104	34-35	0.6006883447806075
1104	36-37	0.5938617496506069
1104	38-39	0.5585571499670721
1104	40-41	0.7129953589376115
1104	42-43	0.671827855357293
1104	44-45	0.6974652373976582
1104	46-47	0.7102652089142651
1104	48-49	0.6671752609540889
1104	50-51	0.6254751965942802
1104	52-53	0.5990176561212692
1104	54-55	0.7231362707099507
1104	56-57	0.7013769099793024
1104	58-59	0.7849483525493142
1104	60-61	0.8427429724536566
1104	62-63	0.9855927681278942
1104	64-65	0.8541375828308091
1104	66-67	0.768363810585484
1104	68-69	0.6941051148982424
1104	70-71	0.7103649502150944
1104	72-73	0.6692775515962595
1104	74-75	0.6502833922216418
1104	76-77	0.6195504470285513
1104	78-79	0.5767597128828079
1104	80-81	0.6899966438971639
1104	82-83	0.6801034456490207
1104	84-85	0.6698389997225078
1104	86-87	0.7346623411812523
1104	88-89	0.7457922047532044
1104	90-91	0.7499595021734855
1104	92-93	0.7186173563916434
1104	94-95	0.7453551989437877
1104	96-97	0.6883073451569857
1104	98-99	0.7631926557468844
1104	100-101	0.8099103795972731
1105	1	0.22741148060775274
1105	2	0.2244515234596065
1105	3	0.1106011363168804
1105	4	0.12555001433729984
1105	5	0.203981564733958
1105	6	0.21337894791506784
1105	7	0.11497235830916708
1105	8	0.20270060913828303
1105	9	0.2233005474024381
1105	10-11	0.26203872349061186
1105	12-13	0.28979929638047963
1105	14-15	0.2678036042436034
1105	16-17	0.27137385885597354
1105	18-19	0.33301301417618845
1105	20-21	0.2902300739789112
1105	22-23	0.31818838456170084
1105	24-25	0.44345267460356297
1105	26-27	0.3950409500506069
1105	28-29	0.41430730687675066
1105	30-31	0.4200653215029604
1105	32-33	0.4139895629087178
1105	34-35	0.42393131361041014
1105	36-37	0.5327270406082647
1105	38-39	0.5035589369262468
1105	40-41	0.5609564656831338
1105	42-43	0.5051575089860094
1105	44-45	0.5229987740617617
1105	46-47	0.5944203241427459
1105	48-49	0.6015258314822844
1105	50-51	0.578261964827739
1105	52-53	0.4791814073715486
1105	54-55	0.5871975827796376
1105	56-57	0.6084763551456263
1105	58-59	0.6217049225037456
1105	60-61	0.6678603315865672
1105	62-63	0.9101098228533573
1105	64-65	0.7637863410707482
1105	66-67	0.7240911358908377
1105	68-69	0.723769917937986
1105	70-71	0.6580827244909102
1105	72-73	0.6210040988141401
1105	74-75	0.6288892242816466
1105	76-77	0.6514346368231401
1105	78-79	0.6563306448242834
1105	80-81	0.6611961417463945
1105	82-83	0.6915960743384879
1105	84-85	0.7462115153371833
1105	86-87	0.8427104203557079
1105	88-89	0.852322718598046
1105	90-91	0.8756262967718236
1105	92-93	0.931875076819928
1105	94-95	0.9302628122263243
1105	96-97	0.9903151571544875
1105	98-99	1.0177880280512674
1105	100-101	1.0999116751500289
1106	1	-0.09984421392384846
1106	2	-0.032229956528080805
1106	3	-0.04829012943904587
1106	4	-0.017411367653423326
1106	5	-0.00961603514203091
1106	6	-0.009270649956029331
1106	7	-0.05812522690599309
1106	8	-0.057108767593121
1106	9	-0.09746931137191694
1106	10-11	-0.056831430514101555
1106	12-13	0.034119460051542205
1106	14-15	-0.09279254062421671
1106	16-17	-0.05289338330619131
1106	18-19	0.06376270452877719
1106	20-21	0.10051953880909537
1106	22-23	0.06391779057589275
1106	24-25	0.16710938476536086
1106	26-27	0.11667701027548105
1106	28-29	0.12525156403596327
1106	30-31	0.18507754089124973
1106	32-33	0.16760707059497548
1106	34-35	0.2423814851008217
1106	36-37	0.20592021016220485
1106	38-39	0.2282214008312664
1106	40-41	0.2208791751236845
1106	42-43	0.21772942082640157
1106	44-45	0.28807889786239826
1106	46-47	0.27495290674555406
1106	48-49	0.2816041043289701
1106	50-51	0.2633821288110738
1106	52-53	0.2408102082840955
1106	54-55	0.31193591103714624
1106	56-57	0.27492847336184667
1106	58-59	0.29833581799034903
1106	60-61	0.3244901630434853
1106	62-63	0.49602671867508974
1106	64-65	0.4651010530017743
1106	66-67	0.38870816644756445
1106	68-69	0.3694981636378216
1106	70-71	0.41391744288571886
1106	72-73	0.4300058672908804
1106	74-75	0.45775380257790843
1106	76-77	0.4286607758674208
1106	78-79	0.4195366581243185
1106	80-81	0.3907525873236075
1106	82-83	0.4843995330304445
1106	84-85	0.5757514754191568
1106	86-87	0.7020831568673245
1106	88-89	0.6756884937134053
1106	90-91	0.6683235055705978
1106	92-93	0.6060127774621762
1106	94-95	0.7137366585303972
1106	96-97	0.776908530784457
1106	98-99	0.8289505107960871
1106	100-101	0.9143658457143538
1107	1	-0.4714467571676515
1107	2	-0.33679452476588523
1107	3	-0.3418206853513084
1107	4	-0.26584586621284956
1107	5	-0.5010564128569186
1107	6	-0.41249240924911845
1107	7	-0.3450377114493719
1107	8	-0.33547666579134017
1107	9	-0.6718865702208348
1107	10-11	-0.3487070825633225
1107	12-13	-0.3046610022412324
1107	14-15	-0.3879070240376308
1107	16-17	-0.4078109571206525
1107	18-19	-0.3616443233752378
1107	20-21	-0.22016818930003978
1107	22-23	-0.3786115220267803
1107	24-25	-0.2290900793100903
1107	26-27	-0.20922648707179548
1107	28-29	-0.22839331799909246
1107	30-31	-0.19984309473743167
1107	32-33	-0.05897832687346494
1107	34-35	-0.07772151239170455
1107	36-37	-0.028439396185213184
1107	38-39	-0.01455025804562382
1107	40-41	-0.15940101670059903
1107	42-43	-0.10682115760504729
1107	44-45	-0.17132707010049586
1107	46-47	-0.06920155900958491
1107	48-49	-0.04653405211848849
1107	50-51	-0.05774814043148524
1107	52-53	-0.022146345576736337
1107	54-55	0.05679436073580035
1107	56-57	0.10681199941233643
1107	58-59	0.08249771030573783
1107	60-61	0.11049355310922948
1107	62-63	0.33319013459578883
1107	64-65	0.1892756766613246
1107	66-67	0.1474993531879889
1107	68-69	0.18968825772176956
1107	70-71	0.23337357585003815
1107	72-73	0.20913018101105507
1107	74-75	0.19492313954333085
1107	76-77	0.24761423080113332
1107	78-79	0.2726175380030931
1107	80-81	0.3001101595986455
1107	82-83	0.338126316674483
1107	84-85	0.3996418896183336
1107	86-87	0.5150516454626022
1107	88-89	0.5317138168989572
1107	90-91	0.5409666545814709
1107	92-93	0.5262822696813991
1107	94-95	0.6522877915142082
1107	96-97	0.67116435428429
1107	98-99	0.6890653694560562
1107	100-101	0.8339456302410291
1108	1	-1.2294209556965932
1108	2	-1.2179145460824117
1108	3	-0.8734203759929322
1108	4	-0.6964443625688972
1108	5	-0.9450550713945773
1108	6	-0.8247581488423492
1108	7	-0.7314391862733558
1108	8	-0.6809698210206179
1108	9	-0.8828800679822351
1108	10-11	-0.8021029998235178
1108	12-13	-1.162314852213548
1108	14-15	-1.2717758983112901
1108	16-17	-1.3843846055520856
1108	18-19	-1.8889575517046993
1108	20-21	-1.3440695814332457
1108	22-23	-1.9744394114438037
1108	24-25	-1.3796357826691263
1108	26-27	-2.1467071316608894
1108	28-29	-1.6654504447876661
1108	30-31	-1.4965522011739694
1108	32-33	-1.3961601872503095
1108	34-35	-1.8681597477402647
1108	36-37	-1.3734859090420812
1108	38-39	-1.2641642395508867
1108	40-41	-1.9415949944172155
1108	42-43	-1.743769545381042
1108	44-45	-1.8470833932783108
1108	46-47	-1.585268864122554
1108	48-49	-1.274678834925325
1108	50-51	-1.6262164946840016
1108	52-53	-1.3447796740058848
1108	54-55	-1.2945789035847923
1108	56-57	-1.3068808868373125
1108	58-59	-1.2216778476493246
1108	60-61	-1.2285172798184334
1108	62-63	-1.1333339883422369
1108	64-65	-1.0723986841364095
1108	66-67	-0.9998234322722439
1108	68-69	-0.9174351886082732
1108	70-71	-0.9165578408042521
1108	72-73	-0.9622523064721307
1108	74-75	-0.7835421341251951
1108	76-77	-0.8216403524858116
1108	78-79	-0.8660771700076957
1108	80-81	-0.8104977959412558
1108	82-83	-0.7557479550633595
1108	84-85	-0.7734642871083466
1108	86-87	-0.7552419115387288
1108	88-89	-0.8069148500267467
1108	90-91	-0.6353131556999898
1108	92-93	-0.7250964515894545
1108	94-95	-0.5666065984409343
1108	96-97	-0.5524887103948721
1108	98-99	-0.40276021905484427
1108	100-101	-0.4789769805249975
1201	1	0.7636938815442882
1201	2	0.7991178000679255
1201	3	0.6829109683081214
1201	4	0.6311272116700763
1201	5	0.6789589025291178
1201	6	0.6766654573681876
1201	7	0.6607935588079243
1201	8	0.7235262348174061
1201	9	0.7910641088856067
1201	10-11	0.820385299696845
1201	12-13	0.8797533175177819
1201	14-15	0.9115240922651822
1201	16-17	0.90646428417039
1201	18-19	0.9069010361780059
1201	20-21	0.9044278656845961
1201	22-23	0.9769356090575414
1201	24-25	0.94746745522324
1201	26-27	0.9853541744169689
1201	28-29	0.9412382222839142
1201	30-31	0.8335947544379394
1201	32-33	0.8576246998045534
1201	34-35	0.887926118712727
1201	36-37	0.7834139031937681
1201	38-39	0.7365963943425626
1201	40-41	0.8840591250218921
1201	42-43	0.826709637392959
1201	44-45	0.8571012584622792
1201	46-47	0.81953552992276
1201	48-49	0.8187349073842967
1201	50-51	0.635597204241833
1201	52-53	0.663240641793287
1201	54-55	0.7595696422534104
1201	56-57	0.7533441668001544
1201	58-59	0.7410039739334664
1201	60-61	0.7056984195863194
1201	62-63	0.8579701235979229
1201	64-65	0.6813189791920422
1201	66-67	0.4180864696735753
1201	68-69	0.45871553055200565
1201	70-71	0.37543168019462314
1201	72-73	0.19177172482070404
1201	74-75	0.1407011808767109
1201	76-77	0.01691461467191857
1201	78-79	-0.0011328608452565447
1201	80-81	-8.638944619541178E-4
1201	82-83	-0.08386827558631538
1201	84-85	-0.09980393574291568
1201	86-87	-0.24735234778558635
1201	88-89	-0.42234191915541075
1201	90-91	-0.5283496685776647
1201	92-93	-0.7567447803405294
1201	94-95	-0.9066022696731331
1201	96-97	-1.1870762138554127
1201	98-99	-1.4186668501091297
1201	100-101	-1.5285080555082615
1202	1	0.7541020939473277
1202	2	0.7597154687842078
1202	3	0.6421926482792486
1202	4	0.6306112360081286
1202	5	0.6728797623483729
1202	6	0.6380170868453021
1202	7	0.6102015439040684
1202	8	0.6138109401416401
1202	9	0.7552521958603151
1202	10-11	0.7354800855734709
1202	12-13	0.7325134884019988
1202	14-15	0.8571668155722136
1202	16-17	0.9387656730512717
1202	18-19	0.9772987380420588
1202	20-21	1.010168745991713
1202	22-23	0.9787103413260212
1202	24-25	0.9825418370762904
1202	26-27	0.9773315259095696
1202	28-29	1.0387230728426857
1202	30-31	0.9328063678139245
1202	32-33	0.8865185260447817
1202	34-35	0.93761189510046
1202	36-37	0.9085429830021283
1202	38-39	0.9125406249939303
1202	40-41	1.0015842806391646
1202	42-43	1.0296553368811487
1202	44-45	1.0073530826207389
1202	46-47	0.9551603133009365
1202	48-49	1.040335171302175
1202	50-51	0.9427507817967751
1202	52-53	1.0006922153919362
1202	54-55	1.0936843945809684
1202	56-57	1.035319245223782
1202	58-59	1.0272423485049913
1202	60-61	1.0533032727947145
1202	62-63	1.2645711145130676
1202	64-65	1.0063143547198052
1202	66-67	0.8246997879337385
1202	68-69	0.7169532135828476
1202	70-71	0.6648608993830578
1202	72-73	0.66452423131215
1202	74-75	0.5847590913628729
1202	76-77	0.4702534355290737
1202	78-79	0.48150408056590877
1202	80-81	0.4727041614154146
1202	82-83	0.5282415886809559
1202	84-85	0.5533081210601729
1202	86-87	0.5702751096782066
1202	88-89	0.4168731244383146
1202	90-91	0.48683071469969263
1202	92-93	0.3102613555714022
1202	94-95	0.19016822704603342
1202	96-97	0.07387587633732551
1202	98-99	-0.05402931665557631
1202	100-101	-0.176912784371261
1203	1	0.684569147285945
1203	2	0.7130569005079863
1203	3	0.6141016984533962
1203	4	0.5380645914734359
1203	5	0.6129312719894386
1203	6	0.6298836406664847
1203	7	0.5567860846946786
1203	8	0.5871699580189897
1203	9	0.7196871047061251
1203	10-11	0.6815144629308065
1203	12-13	0.7903624137473386
1203	14-15	0.8218096938054771
1203	16-17	0.8560862999920928
1203	18-19	0.9021761246440505
1203	20-21	0.9183855375915897
1203	22-23	0.9924048984372931
1203	24-25	1.0125490097105398
1203	26-27	1.055793083555649
1203	28-29	1.0018975260162932
1203	30-31	0.9728116617459932
1203	32-33	0.9097215926163003
1203	34-35	1.0071302022701758
1203	36-37	1.0363775130427868
1203	38-39	0.9732679141582778
1203	40-41	0.9801879110663094
1203	42-43	0.953009395443388
1203	44-45	1.0682622936924773
1203	46-47	1.00067505320375
1203	48-49	1.0507872536594292
1203	50-51	0.882290730135459
1203	52-53	0.9274240548777541
1203	54-55	0.9439515174177586
1203	56-57	1.0166099162334419
1203	58-59	1.0023010784710422
1203	60-61	1.0368272448417954
1203	62-63	1.1954304241378324
1203	64-65	1.038887230200551
1203	66-67	0.9444242936792264
1203	68-69	0.8419115037360854
1203	70-71	0.7723328477194542
1203	72-73	0.7532731363146539
1203	74-75	0.7022284508481711
1203	76-77	0.726103583581434
1203	78-79	0.7028290104618335
1203	80-81	0.7076981416981347
1203	82-83	0.7142877151587648
1203	84-85	0.7398413575665437
1203	86-87	0.7226165005912293
1203	88-89	0.6664871422200278
1203	90-91	0.7777558469189962
1203	92-93	0.6799706419788585
1203	94-95	0.6537642350345187
1203	96-97	0.6634543395042094
1203	98-99	0.7426483539747046
1203	100-101	0.8252148608422019
1204	1	0.4145321378081057
1204	2	0.4461502970842446
1204	3	0.3831555564532323
1204	4	0.3310502061908309
1204	5	0.3510338338921457
1204	6	0.33692558621078916
1204	7	0.3424501884200666
1204	8	0.34868987980654964
1204	9	0.3704297602416773
1204	10-11	0.4127910978749938
1204	12-13	0.4175754080936329
1204	14-15	0.5262165641131418
1204	16-17	0.607604240824692
1204	18-19	0.6319134076147606
1204	20-21	0.6106916517260217
1204	22-23	0.5593204311786408
1204	24-25	0.6207884586968291
1204	26-27	0.6715556265046843
1204	28-29	0.6607494878632281
1204	30-31	0.7057743931015494
1204	32-33	0.7283953451726219
1204	34-35	0.7285021430048744
1204	36-37	0.6944214683281018
1204	38-39	0.7324510146500742
1204	40-41	0.7924996284108374
1204	42-43	0.8056905830435497
1204	44-45	0.7438522372367018
1204	46-47	0.7951454115581669
1204	48-49	0.8249250505251453
1204	50-51	0.7589905850967753
1204	52-53	0.7852215757294871
1204	54-55	0.9015066368764977
1204	56-57	0.9181818455987454
1204	58-59	0.9394455826032342
1204	60-61	0.9511695025933946
1204	62-63	1.1532455791833272
1204	64-65	0.9504540274526363
1204	66-67	0.7917680156294367
1204	68-69	0.7610169850008077
1204	70-71	0.7874069699757626
1204	72-73	0.7768772372585815
1204	74-75	0.6903457884810784
1204	76-77	0.8222439740927925
1204	78-79	0.840804036663652
1204	80-81	0.9129124143019176
1204	82-83	0.8495056332675297
1204	84-85	0.8902304372159797
1204	86-87	0.9428680352558274
1204	88-89	0.8985474634781845
1204	90-91	1.0800475704417671
1204	92-93	1.021138799295617
1204	94-95	0.9329844342052631
1204	96-97	0.8869637744884571
1204	98-99	0.9396781323742012
1204	100-101	1.0147642409526973
1205	1	0.4187139624258087
1205	2	0.4428849962263115
1205	3	0.341594490639352
1205	4	0.31707310558666535
1205	5	0.3890384960104214
1205	6	0.35915268274695933
1205	7	0.2840560754722432
1205	8	0.36371267756027237
1205	9	0.4178487428843951
1205	10-11	0.43488240811500134
1205	12-13	0.5107801975807291
1205	14-15	0.5143294985955507
1205	16-17	0.5627017437912443
1205	18-19	0.6352718145313005
1205	20-21	0.6551495754029872
1205	22-23	0.6237549039086829
1205	24-25	0.6895412846057312
1205	26-27	0.7155519770286745
1205	28-29	0.7425437411434785
1205	30-31	0.6878745954834784
1205	32-33	0.7438670349155672
1205	34-35	0.8685671968447224
1205	36-37	0.8333873867582255
1205	38-39	0.7795277938477128
1205	40-41	0.83397889565763
1205	42-43	0.8224178284954391
1205	44-45	0.8659761676135531
1205	46-47	0.9238722807491726
1205	48-49	0.9813186474734721
1205	50-51	0.9970420802806998
1205	52-53	0.9523970297084006
1205	54-55	0.9619005659739557
1205	56-57	0.986402530160639
1205	58-59	1.0370430915464652
1205	60-61	1.0868478088364313
1205	62-63	1.2636200715415455
1205	64-65	1.1532242693662411
1205	66-67	1.046289744598674
1205	68-69	1.0272480021999897
1205	70-71	1.0060693754757892
1205	72-73	1.0164322191214765
1205	74-75	1.0462524914001001
1205	76-77	1.077144942638725
1205	78-79	1.097603743181704
1205	80-81	1.135664227607112
1205	82-83	1.1239696851614518
1205	84-85	1.183067504765642
1205	86-87	1.2329575655250835
1205	88-89	1.2485309447079764
1205	90-91	1.3567053672666027
1205	92-93	1.348996609199741
1205	94-95	1.3250855450424304
1205	96-97	1.3890830519241355
1205	98-99	1.5087778466735102
1205	100-101	1.5660105636562065
1206	1	0.10019548336343576
1206	2	0.18442877892651666
1206	3	0.12464128492479887
1206	4	0.16117371150615867
1206	5	0.16661074878999926
1206	6	0.15988790147000032
1206	7	0.11056427556690096
1206	8	0.17851894213696795
1206	9	0.17561066501442468
1206	10-11	0.24208176455200459
1206	12-13	0.2721967755937129
1206	14-15	0.31824280198836163
1206	16-17	0.311870267285002
1206	18-19	0.3635716474729307
1206	20-21	0.27719716075564094
1206	22-23	0.3465404693955776
1206	24-25	0.35961572426177923
1206	26-27	0.31595078192635384
1206	28-29	0.37555481668019297
1206	30-31	0.3811449505357771
1206	32-33	0.46281709048371056
1206	34-35	0.4719104922259447
1206	36-37	0.46593923312956775
1206	38-39	0.5213485499459338
1206	40-41	0.5296599267671667
1206	42-43	0.47892460600775877
1206	44-45	0.49278029689750014
1206	46-47	0.5920468878981353
1206	48-49	0.5780049575391573
1206	50-51	0.5898152507809513
1206	52-53	0.5366975300845169
1206	54-55	0.5117652655860425
1206	56-57	0.5509439506978495
1206	58-59	0.5954746620247917
1206	60-61	0.595708316184762
1206	62-63	0.7865108080722862
1206	64-65	0.7048264371651456
1206	66-67	0.6145760925321397
1206	68-69	0.6547777203110741
1206	70-71	0.6555678981208004
1206	72-73	0.6209827864828483
1206	74-75	0.698145101485256
1206	76-77	0.7347674196357872
1206	78-79	0.7553187300821769
1206	80-81	0.8360620679382542
1206	82-83	0.8561032145316183
1206	84-85	0.9184289678846476
1206	86-87	0.9069006879536516
1206	88-89	0.8611986767840882
1206	90-91	1.0199820614747246
1206	92-93	1.0132214346438566
1206	94-95	0.9940831832649017
1206	96-97	1.0334637649877898
1206	98-99	1.0866469353874884
1206	100-101	1.1990846163642566
1207	1	-0.025397882360152835
1207	2	0.0489084736369918
1207	3	0.014453026300394356
1207	4	-0.026703620875103695
1207	5	0.009945596896528741
1207	6	-0.03530694601204942
1207	7	-0.09369420342773793
1207	8	-0.028406902835477865
1207	9	-0.08624483699981766
1207	10-11	-0.03266002363510978
1207	12-13	0.030410010618609817
1207	14-15	0.053479910846810697
1207	16-17	0.046912625217466086
1207	18-19	0.11565539689484439
1207	20-21	0.16461715622353523
1207	22-23	0.02269933963409443
1207	24-25	0.1876880617427119
1207	26-27	0.13224681817772677
1207	28-29	0.12939086745918615
1207	30-31	0.1451533768421598
1207	32-33	0.22386727717017862
1207	34-35	0.26209107773635765
1207	36-37	0.31745429771407174
1207	38-39	0.31927187933174395
1207	40-41	0.2512400422422232
1207	42-43	0.23538307357640775
1207	44-45	0.2678098465568226
1207	46-47	0.4025792918466635
1207	48-49	0.4099193396807408
1207	50-51	0.3857511051300051
1207	52-53	0.3534181096452471
1207	54-55	0.4661921503974824
1207	56-57	0.48559247574086584
1207	58-59	0.42799751277778597
1207	60-61	0.49503500098295916
1207	62-63	0.7182923037103919
1207	64-65	0.6540957591567178
1207	66-67	0.5978776936821006
1207	68-69	0.5931698942327444
1207	70-71	0.5856878101849006
1207	72-73	0.6066855606577022
1207	74-75	0.6724649724041178
1207	76-77	0.7038982790608799
1207	78-79	0.7169283021272186
1207	80-81	0.7030874506620783
1207	82-83	0.8306912560100841
1207	84-85	0.9434375379732849
1207	86-87	1.0138179220640957
1207	88-89	0.8688936783973382
1207	90-91	0.9684770243804586
1207	92-93	0.943330749572457
1207	94-95	1.020607124033738
1207	96-97	1.1066987287496417
1207	98-99	1.1139060612958858
1207	100-101	1.2106418129534333
1208	1	-0.9887218988987847
1208	2	-1.4857516894062712
1208	3	-0.7836184873571419
1208	4	-0.9673946969370704
1208	5	-0.7507078798140085
1208	6	-0.6547753427142098
1208	7	-0.5823430671666046
1208	8	-0.818270416847561
1208	9	-1.1485308543863653
1208	10-11	-0.8204953182751709
1208	12-13	-0.8752055176716595
1208	14-15	-0.8021534857416768
1208	16-17	-0.9228264892882905
1208	18-19	-0.818816437218679
1208	20-21	-0.9398563432107707
1208	22-23	-0.8691172565925669
1208	24-25	-0.7873608679302677
1208	26-27	-0.8076068377852366
1208	28-29	-0.811516749915981
1208	30-31	-0.94656551030711
1208	32-33	-0.8171202456931113
1208	34-35	-0.8289631873765302
1208	36-37	-0.9680871724764515
1208	38-39	-0.9381783461480282
1208	40-41	-1.068803852139709
1208	42-43	-0.891641103283682
1208	44-45	-0.9690000463258457
1208	46-47	-0.9801291744725518
1208	48-49	-0.9641318994834407
1208	50-51	-1.0021170803506365
1208	52-53	-1.0658551126391842
1208	54-55	-1.139049005697224
1208	56-57	-0.9549298106184736
1208	58-59	-1.0781392863726893
1208	60-61	-1.0333788537958029
1208	62-63	-0.7539103919868353
1208	64-65	-0.7550799010115483
1208	66-67	-0.7754958881870948
1208	68-69	-0.6821757640849881
1208	70-71	-0.5899950134007952
1208	72-73	-0.613078229527865
1208	74-75	-0.55031418657423
1208	76-77	-0.46317813187069845
1208	78-79	-0.36968577859506624
1208	80-81	-0.3601780085902142
1208	82-83	-0.2902976212834396
1208	84-85	-0.2575960739119516
1208	86-87	-0.4022442084217346
1208	88-89	-0.30943220024919427
1208	90-91	-0.14789672427965428
1208	92-93	-0.12629769537209867
1208	94-95	-0.28159569302872356
1208	96-97	-0.12842408315853504
1208	98-99	-0.11772502328494028
1208	100-101	-0.08165341309196705
1301	1	0.6860543186738148
1301	2	0.6594959913653184
1301	3	0.6256398862074235
1301	4	0.5477244246967174
1301	5	0.647583772384678
1301	6	0.6158256265494657
1301	7	0.583700278025681
1301	8	0.5821225183336551
1301	9	0.7193791246327592
1301	10-11	0.7260388259944577
1301	12-13	0.7626252709695649
1301	14-15	0.8324418409806071
1301	16-17	0.8860890527664438
1301	18-19	0.8515742665382078
1301	20-21	0.8645825071350473
1301	22-23	0.9318956375140601
1301	24-25	0.8988591244213922
1301	26-27	0.8727025772428902
1301	28-29	0.8108475163493267
1301	30-31	0.8393161765369257
1301	32-33	0.7929663468035031
1301	34-35	0.7834208493234769
1301	36-37	0.6367427447589833
1301	38-39	0.6118615514635763
1301	40-41	0.7838569954564463
1301	42-43	0.814079849960045
1301	44-45	0.8732046366354069
1301	46-47	0.7572108192263798
1301	48-49	0.7714008886019528
1301	50-51	0.7406296721958014
1301	52-53	0.7830756926437417
1301	54-55	0.779346403974202
1301	56-57	0.7263790182472505
1301	58-59	0.7102210821175632
1301	60-61	0.7552940306355467
1301	62-63	0.9166362502138554
1301	64-65	0.7941946454926168
1301	66-67	0.6347591080550856
1301	68-69	0.5268805783646684
1301	70-71	0.3548183591162797
1301	72-73	0.3288350431728304
1301	74-75	0.21660414310691323
1301	76-77	0.13858207323990257
1301	78-79	0.0719619673900489
1301	80-81	-0.03062263718230085
1301	82-83	-0.06275333046118092
1301	84-85	0.010975139368273545
1301	86-87	-0.05501211063061362
1301	88-89	-0.10116634814263037
1301	90-91	-0.12813157116601204
1301	92-93	-0.30962769059085105
1301	94-95	-0.4565429419843703
1301	96-97	-0.6025542496285787
1301	98-99	-0.7039699406013789
1301	100-101	-0.9004325574542626
1302	1	0.715324775291176
1302	2	0.7125454961994038
1302	3	0.606479829177637
1302	4	0.5637214297005926
1302	5	0.6488203189039226
1302	6	0.6696970850918689
1302	7	0.6229111227670501
1302	8	0.6234401252560815
1302	9	0.7942371780363047
1302	10-11	0.7890743058359746
1302	12-13	0.7556008998391803
1302	14-15	0.8904527644170059
1302	16-17	0.9702311120479195
1302	18-19	0.9464769273190754
1302	20-21	0.9422948664334356
1302	22-23	1.0209143925470343
1302	24-25	1.0680427983225087
1302	26-27	1.0317063366326025
1302	28-29	1.0471151949033626
1302	30-31	1.0748539422411767
1302	32-33	0.9740610130188401
1302	34-35	1.0220306039793314
1302	36-37	0.9684638840923512
1302	38-39	0.9453794707800682
1302	40-41	0.9563233677350382
1302	42-43	1.0050014505812612
1302	44-45	1.1441201976249005
1302	46-47	1.1183316364345757
1302	48-49	1.124543755225723
1302	50-51	1.0842384538641028
1302	52-53	1.089728768970609
1302	54-55	1.1233624788944638
1302	56-57	1.163966276265029
1302	58-59	1.1459900673480021
1302	60-61	1.2222775043110587
1302	62-63	1.3316979916915912
1302	64-65	1.1235344436154762
1302	66-67	1.0359390746903827
1302	68-69	0.9276604344648405
1302	70-71	0.7605165436673929
1302	72-73	0.7799128946972687
1302	74-75	0.81202677600999
1302	76-77	0.7788044240786718
1302	78-79	0.6724513859075536
1302	80-81	0.7589937727772629
1302	82-83	0.7316314256884091
1302	84-85	0.745650825313426
1302	86-87	0.73581237326351
1302	88-89	0.6055719270130311
1302	90-91	0.604370660334375
1302	92-93	0.5071031371697892
1302	94-95	0.4765938358109807
1302	96-97	0.4272384483083407
1302	98-99	0.4911375050938993
1302	100-101	0.44370966393030287
1303	1	0.48092848721234915
1303	2	0.4958779303842249
1303	3	0.438831875880318
1303	4	0.38742669899239246
1303	5	0.4803174025293657
1303	6	0.451522605415029
1303	7	0.4442964980893436
1303	8	0.47174547327333016
1303	9	0.5157428212830624
1303	10-11	0.5336406049597926
1303	12-13	0.5629648262009113
1303	14-15	0.6418082648490042
1303	16-17	0.686634206726346
1303	18-19	0.7157816343978354
1303	20-21	0.7171971021979857
1303	22-23	0.7833309806290245
1303	24-25	0.8665967381959874
1303	26-27	0.8725272042709449
1303	28-29	0.8031688200748732
1303	30-31	0.9003197602024784
1303	32-33	0.8055467494355426
1303	34-35	0.9266766882284614
1303	36-37	0.9239199308524277
1303	38-39	0.8992369064248749
1303	40-41	0.9612364536790139
1303	42-43	0.9464905649354236
1303	44-45	0.9632345077368569
1303	46-47	0.9294845030789531
1303	48-49	0.9696604808229452
1303	50-51	0.9078064951562723
1303	52-53	0.8724060735631625
1303	54-55	0.9592159370332425
1303	56-57	0.9354878555567083
1303	58-59	0.8925443531666062
1303	60-61	0.9758779639939164
1303	62-63	1.152058922390225
1303	64-65	0.9976925250033091
1303	66-67	0.8549103668312696
1303	68-69	0.8063200767381531
1303	70-71	0.8208285361650383
1303	72-73	0.8413917197045251
1303	74-75	0.8245643404364777
1303	76-77	0.8191563244653679
1303	78-79	0.8653433933129016
1303	80-81	0.8259904121870143
1303	82-83	0.8024864112443595
1303	84-85	0.9496776346522573
1303	86-87	0.9598269814295755
1303	88-89	0.9033211346497616
1303	90-91	0.9928683496135378
1303	92-93	0.9032344156218208
1303	94-95	0.857704123232427
1303	96-97	0.9596546081595072
1303	98-99	0.9288302827607176
1303	100-101	0.9823892843297877
1304	1	0.3934110213587694
1304	2	0.4607449371611594
1304	3	0.3451657074643606
1304	4	0.33976793573729225
1304	5	0.4216398068417675
1304	6	0.4378062689297195
1304	7	0.3742444345010014
1304	8	0.33725794939881837
1304	9	0.4189801871976542
1304	10-11	0.43219130016395724
1304	12-13	0.500487166246188
1304	14-15	0.5220245525923985
1304	16-17	0.570254530661515
1304	18-19	0.6410065693183569
1304	20-21	0.6787284468611077
1304	22-23	0.6694001345776641
1304	24-25	0.752021641343994
1304	26-27	0.7186376895599125
1304	28-29	0.7343648654806714
1304	30-31	0.720219730957325
1304	32-33	0.7950624984904948
1304	34-35	0.9276212885266943
1304	36-37	0.8048903643666492
1304	38-39	0.8530679308355502
1304	40-41	0.8379478365413604
1304	42-43	0.8494914422899242
1304	44-45	0.942210494219097
1304	46-47	0.9223544181236036
1304	48-49	0.9015393643803051
1304	50-51	0.7859636625649031
1304	52-53	0.8164905198369325
1304	54-55	0.9023088463479993
1304	56-57	0.9065407983048175
1304	58-59	0.9158736788312112
1304	60-61	1.0035189183967574
1304	62-63	1.1108289020630409
1304	64-65	0.9107382990791066
1304	66-67	0.9036267845531043
1304	68-69	0.8555045071256657
1304	70-71	0.8230099626062639
1304	72-73	0.856286888477932
1304	74-75	0.8847576743474939
1304	76-77	0.8845670744048988
1304	78-79	0.8413490564015511
1304	80-81	0.887758380804442
1304	82-83	0.8716401342241902
1304	84-85	0.9058857301430869
1304	86-87	0.9874857627372293
1304	88-89	1.0046806279504565
1304	90-91	1.0593976814160122
1304	92-93	0.9016884393573292
1304	94-95	0.8878783033753344
1304	96-97	0.9605980801726197
1304	98-99	0.9368383991925207
1304	100-101	1.0476249244194733
1305	1	0.2926085848315587
1305	2	0.3137571799052381
1305	3	0.23807969645243787
1305	4	0.21566510931086214
1305	5	0.23344696848405988
1305	6	0.26051916145378584
1305	7	0.237174138558764
1305	8	0.21489521677435874
1305	9	0.28739393982403527
1305	10-11	0.32865159279300116
1305	12-13	0.370396998078661
1305	14-15	0.3526399215781595
1305	16-17	0.3444017299677924
1305	18-19	0.39316772595283567
1305	20-21	0.43236170640319926
1305	22-23	0.4719259038014414
1305	24-25	0.4386967939475639
1305	26-27	0.48193728656851675
1305	28-29	0.5352160435923423
1305	30-31	0.5127838499917274
1305	32-33	0.5709362003830236
1305	34-35	0.6427625384769229
1305	36-37	0.6436059306383086
1305	38-39	0.6439576120946384
1305	40-41	0.6074180127582309
1305	42-43	0.5812749476894439
1305	44-45	0.6034126697280584
1305	46-47	0.6186944305845827
1305	48-49	0.6714034628174019
1305	50-51	0.5867638492231677
1305	52-53	0.5996884512065108
1305	54-55	0.7193122433991874
1305	56-57	0.7349666991082913
1305	58-59	0.8034860063956231
1305	60-61	0.769333991548443
1305	62-63	1.0071789176587842
1305	64-65	0.9176114256519909
1305	66-67	0.8908240684511028
1305	68-69	0.8545356276919946
1305	70-71	0.8481205769805129
1305	72-73	0.7772606741313837
1305	74-75	0.7827659018979496
1305	76-77	0.7844995393055427
1305	78-79	0.8357288726405123
1305	80-81	0.8845212738359116
1305	82-83	0.9133594651092629
1305	84-85	0.9936201639773685
1305	86-87	1.0231890500215748
1305	88-89	1.0441142369666174
1305	90-91	1.226466968680949
1305	92-93	1.1967962624443658
1305	94-95	1.2341739485323622
1305	96-97	1.2627919170595199
1305	98-99	1.3036981810037425
1305	100-101	1.4004649838851542
1306	1	0.018484159844724957
1306	2	0.0827657380195177
1306	3	-0.02609169881539941
1306	4	0.01438020871022161
1306	5	-0.04668186155441845
1306	6	0.037922744605062064
1306	7	-0.00964676123818009
1306	8	0.07937710694271516
1306	9	0.058341446901685856
1306	10-11	0.08542151505587015
1306	12-13	0.08197330306019524
1306	14-15	0.10231634227316277
1306	16-17	0.16420355233035622
1306	18-19	0.14388682368892347
1306	20-21	0.15018812230736955
1306	22-23	0.15922737142427223
1306	24-25	0.2487161415779937
1306	26-27	0.1884375121913351
1306	28-29	0.22533235551671993
1306	30-31	0.20792539340217786
1306	32-33	0.25589581569490605
1306	34-35	0.26664652062196126
1306	36-37	0.23464751729816413
1306	38-39	0.33843440241663103
1306	40-41	0.2733831166115124
1306	42-43	0.25587418026730546
1306	44-45	0.31080780599822333
1306	46-47	0.42659285231732014
1306	48-49	0.43827566583345146
1306	50-51	0.2549908475011762
1306	52-53	0.37219493712853335
1306	54-55	0.4529972910379385
1306	56-57	0.506220242060266
1306	58-59	0.4797560210295089
1306	60-61	0.5020158263571446
1306	62-63	0.6893415468946102
1306	64-65	0.5262243406083726
1306	66-67	0.4273199939765746
1306	68-69	0.4333766474046641
1306	70-71	0.44491122329291954
1306	72-73	0.43632322074973473
1306	74-75	0.4291534177000109
1306	76-77	0.5535182176481399
1306	78-79	0.5204153949313799
1306	80-81	0.5733136352866701
1306	82-83	0.6112313304100176
1306	84-85	0.7035176809046924
1306	86-87	0.7624685420046617
1306	88-89	0.7639565606615619
1306	90-91	0.8496802379057229
1306	92-93	0.8122942890466369
1306	94-95	0.8214587567024303
1306	96-97	0.9518885830130479
1306	98-99	1.0014603147831416
1306	100-101	0.946001510575492
1307	1	-0.120439554638061
1307	2	-0.06562009011085479
1307	3	-0.12270515152890837
1307	4	-0.09243534098940387
1307	5	-0.09745817913166377
1307	6	-0.1286442188268353
1307	7	-0.10979856542987676
1307	8	-0.13820851803126288
1307	9	-0.15651753270008584
1307	10-11	-0.12595853234903842
1307	12-13	-0.13397921733169937
1307	14-15	-0.13293094861874977
1307	16-17	-0.08238914567481714
1307	18-19	-0.07919526608080218
1307	20-21	-0.09957616372549438
1307	22-23	-0.15076382915329845
1307	24-25	-0.10738625718217776
1307	26-27	-0.08734480555311563
1307	28-29	-0.13405510489671713
1307	30-31	-0.10233907570192713
1307	32-33	-0.007696578248321373
1307	34-35	0.0808683771148111
1307	36-37	0.0232719786002491
1307	38-39	0.0178826452913583
1307	40-41	0.009296087813623899
1307	42-43	-0.006045618374535877
1307	44-45	0.06818423961856013
1307	46-47	0.10953888759181041
1307	48-49	0.09996330964828104
1307	50-51	0.056976671046477634
1307	52-53	0.07740209412581578
1307	54-55	0.14445798667596677
1307	56-57	0.21640942385715078
1307	58-59	0.23796722882810428
1307	60-61	0.20753875483307382
1307	62-63	0.42321421826316197
1307	64-65	0.3191986357948693
1307	66-67	0.27985432776100083
1307	68-69	0.3009728394919051
1307	70-71	0.3046251542039755
1307	72-73	0.38676055529965936
1307	74-75	0.39409032580880776
1307	76-77	0.3470664723913046
1307	78-79	0.3829347482379326
1307	80-81	0.3827391377706846
1307	82-83	0.41983690003697305
1307	84-85	0.46929596079155544
1307	86-87	0.5344877864465758
1307	88-89	0.5340498968358283
1307	90-91	0.6695001073091937
1307	92-93	0.5852118615365818
1307	94-95	0.6695986902130038
1307	96-97	0.7924598631095527
1307	98-99	0.8268426211235287
1307	100-101	0.8571145931584816
1308	1	-1.028354484666405
1308	2	-2.815280502838533
1308	3	-1.4397277984336974
1308	4	-0.9455101033849971
1308	5	-0.719712333005937
1308	6	-0.6073822504049176
1308	7	-1.087189941251502
1308	8	-1.0541277086720697
1308	9	-1.1924937453978188
1308	10-11	-1.2656594697811059
1308	12-13	-0.9576594585294202
1308	14-15	-1.0185118347680344
1308	16-17	-1.0445223101377863
1308	18-19	-1.153949725280988
1308	20-21	-1.4794842694107189
1308	22-23	-1.4162822250897165
1308	24-25	-1.3000649534022486
1308	26-27	-1.3635458303735675
1308	28-29	-1.1920307546947981
1308	30-31	-0.985709460691865
1308	32-33	-1.039170167685377
1308	34-35	-1.2376502417660333
1308	36-37	-1.1358691897994007
1308	38-39	-1.160410480500019
1308	40-41	-1.2780161383344932
1308	42-43	-1.3501249403108133
1308	44-45	-1.260833569647751
1308	46-47	-2.024958365327066
1308	48-49	-1.7066952944753737
1308	50-51	-1.8367921536437208
1308	52-53	-1.4485156728226727
1308	54-55	-1.2237808559250638
1308	56-57	-1.2728086648421382
1308	58-59	-1.46046084077053
1308	60-61	-1.3308515624479256
1308	62-63	-1.0242489225102744
1308	64-65	-1.1266101395736072
1308	66-67	-0.9844271839770116
1308	68-69	-0.8132437237221559
1308	70-71	-0.8472895802805738
1308	72-73	-0.8324403028282958
1308	74-75	-0.8450322286077459
1308	76-77	-0.6522182977409052
1308	78-79	-0.6923142991533204
1308	80-81	-0.6759867831623687
1308	82-83	-0.6079328711195373
1308	84-85	-0.5560406992744298
1308	86-87	-0.5624134261298579
1308	88-89	-0.5451259590381419
1308	90-91	-0.5642744532758854
1308	92-93	-0.5057241597924538
1308	94-95	-0.57851062885074
1308	96-97	-0.41698031905658794
1308	98-99	-0.4823327008922291
1308	100-101	-0.4618094967035802
2101	1	0.4180103530887429
2101	2	0.4807675843381318
2101	3	0.3537903109449019
2101	4	0.3679228488415589
2101	5	0.3737530687497923
2101	6	0.44263137847789125
2101	7	0.41452981898451924
2101	8	0.4317672969998654
2101	9	0.4814549991462229
2101	10-11	-0.01871924940137859
2101	12-13	0.4055706861994608
2101	14-15	0.4148117636272133
2101	16-17	0.05565783717388939
2101	18-19	0.33676898126942234
2101	20-21	0.42949373757180354
2101	22-23	0.4643553766780215
2101	24-25	0.469279260933547
2101	26-27	0.4214329099515055
2101	28-29	0.3416848412554572
2101	30-31	0.2669899913507976
2101	32-33	0.1965092460594633
2101	34-35	0.14729096455079116
2101	36-37	0.07194394841799578
2101	38-39	-0.11585643734549222
2101	40-41	0.01493155536167734
2101	42-43	0.08664351531886183
2101	44-45	0.14532856743650058
2101	46-47	0.05106163162228938
2101	48-49	-0.08319104685649137
2101	50-51	0.018126770912068935
2101	52-53	-0.041807011908169045
2101	54-55	-0.07434097293765518
2101	56-57	7.865461981069188E-4
2101	58-59	-0.03775982532196309
2101	60-61	-0.1493589014985659
2101	62-63	-0.011073183922725605
2101	64-65	-0.1500517035770983
2101	66-67	-0.23850298520789437
2101	68-69	-0.35824027876422804
2101	70-71	-0.4872739789926328
2101	72-73	-0.5667033782828952
2101	74-75	-0.6411593328219816
2101	76-77	-0.7511762990045767
2101	78-79	-0.8689008414881307
2101	80-81	-0.8731914858880891
2101	82-83	-0.9506735922633318
2101	84-85	-0.9148486269351714
2101	86-87	-1.7140618728486885
2101	88-89	-1.6625872935767738
2101	90-91	-1.9688774410407959
2101	92-93	-1.5903744521431342
2101	94-95	-1.4469052308556414
2101	96-97	-1.5216514709165594
2101	98-99	-1.623932014886666
2101	100-101	-1.8199772142654176
2102	1	0.253244225949544
2102	2	0.3056615439537467
2102	3	0.2312082233351802
2102	4	0.2623477452898868
2102	5	0.2146002871688495
2102	6	-0.3779296859275547
2102	7	0.07154396017727294
2102	8	0.19047424025086457
2102	9	0.25674859744496104
2102	10-11	0.3323482054136022
2102	12-13	0.35697264523842165
2102	14-15	0.2608400580862167
2102	16-17	0.36520487871614904
2102	18-19	0.36968146209898833
2102	20-21	0.41416022871781877
2102	22-23	0.3500237579746468
2102	24-25	0.37070976038862824
2102	26-27	0.32108753495028
2102	28-29	0.2595197367695974
2102	30-31	0.22005654393751684
2102	32-33	0.17787186514333797
2102	34-35	0.15647833833268265
2102	36-37	0.169075141051664
2102	38-39	0.08484129192724055
2102	40-41	0.14157271024159002
2102	42-43	0.15997986024297717
2102	44-45	0.20746989105631997
2102	46-47	0.13832249389372464
2102	48-49	0.14800921601278816
2102	50-51	0.16674826730970693
2102	52-53	0.09662107231463324
2102	54-55	0.016958602808294643
2102	56-57	0.014063760801526826
2102	58-59	0.02953203786195502
2102	60-61	0.022790726932491623
2102	62-63	0.2113823192683313
2102	64-65	0.05267068482795878
2102	66-67	-0.0790753811265077
2102	68-69	-0.2692287067293293
2102	70-71	-0.3052926172409016
2102	72-73	-0.38112273109741324
2102	74-75	-0.381347901256035
2102	76-77	-0.3965847001123848
2102	78-79	-0.46486530482480504
2102	80-81	-0.5060916006303025
2102	82-83	-0.5623047017355525
2102	84-85	-1.6766377188688502
2102	86-87	-1.6375492949777843
2102	88-89	-0.9268461046713199
2102	90-91	-0.7369094410933457
2102	92-93	-0.8278563242547321
2102	94-95	-0.8584378973446611
2102	96-97	-0.8744211101957227
2102	98-99	-0.9528742403831778
2102	100-101	-1.0593711809239146
2103	1	0.25270348026653267
2103	2	0.3161593479511495
2103	3	0.21521450189055713
2103	4	0.27516550031080556
2103	5	0.28157276380853347
2103	6	0.2894605200575455
2103	7	0.2599493855531918
2103	8	0.2233542550638603
2103	9	0.2769138611365989
2103	10-11	0.31558811358203087
2103	12-13	-0.5694939847483269
2103	14-15	0.02871877623337582
2103	16-17	0.1588065098289988
2103	18-19	0.32162943231619323
2103	20-21	0.2957232071794138
2103	22-23	0.2869119168495189
2103	24-25	0.34211504493709555
2103	26-27	0.3187453668593321
2103	28-29	0.20444825951122425
2103	30-31	0.17694393069631076
2103	32-33	0.16519203993507858
2103	34-35	0.2609395023369032
2103	36-37	0.1758309915332319
2103	38-39	0.18012929155757007
2103	40-41	0.18800730666561094
2103	42-43	0.24870645417956894
2103	44-45	0.2127429161738732
2103	46-47	0.14114925627458774
2103	48-49	0.2092500363094416
2103	50-51	0.2632244476056016
2103	52-53	0.24945044477397715
2103	54-55	0.1764760893095385
2103	56-57	0.09336255621889933
2103	58-59	0.14363023084369075
2103	60-61	0.13017538267217077
2103	62-63	0.31495385856701574
2103	64-65	0.17859149771283
2103	66-67	0.15886197421328063
2103	68-69	-0.005980173072309469
2103	70-71	-0.020281548811382777
2103	72-73	-0.04770939869309032
2103	74-75	-0.08313240277522382
2103	76-77	-0.07614363959595849
2103	78-79	-0.08934896596482389
2103	80-81	-0.12427785521438395
2103	82-83	-0.16980302644857304
2103	84-85	-0.08880162003120518
2103	86-87	-0.05178588381827609
2103	88-89	-0.13634234145376212
2103	90-91	-0.2042500985559208
2103	92-93	-0.1598277508033199
2103	94-95	-0.2176436970646698
2103	96-97	-0.19618501996946236
2103	98-99	-0.1983371494270436
2103	100-101	-0.14120389540752498
2104	1	0.027339869952321294
2104	2	0.07721523456970303
2104	3	0.009779420211820877
2104	4	0.1075095363306744
2104	5	-0.12315554078907098
2104	6	-0.047880931369654434
2104	7	0.022153683806330093
2104	8	-0.015124634702132767
2104	9	0.07607613381187406
2104	10-11	0.07265872654125616
2104	12-13	0.08170399670456874
2104	14-15	0.11520463387365965
2104	16-17	0.050378503857643864
2104	18-19	0.11598852090322964
2104	20-21	0.04818480608329878
2104	22-23	0.03689415150957842
2104	24-25	0.14356597449414465
2104	26-27	0.08246403202485197
2104	28-29	0.0647676268512356
2104	30-31	0.04083210125975256
2104	32-33	0.010994956539654765
2104	34-35	0.0779120530710884
2104	36-37	0.0645952038434956
2104	38-39	-0.012292398992478581
2104	40-41	0.0638198430600454
2104	42-43	0.005353564110386344
2104	44-45	0.023140835580605312
2104	46-47	0.003934903252712729
2104	48-49	-0.00807780283778925
2104	50-51	0.048245724185697725
2104	52-53	-0.02059430549682162
2104	54-55	-0.07394844792366229
2104	56-57	-0.04834605243123491
2104	58-59	0.02244694061447916
2104	60-61	0.029699155117818066
2104	62-63	0.22861418385767251
2104	64-65	0.07679902623949175
2104	66-67	0.07888216863214126
2104	68-69	-0.04306318668314901
2104	70-71	-0.06473496453544669
2104	72-73	-0.06980068701470543
2104	74-75	-0.04236743627686934
2104	76-77	-0.09426684503998928
2104	78-79	-0.0906900614417232
2104	80-81	-0.05021155597692584
2104	82-83	-0.04922421742409355
2104	84-85	-0.001137243905969143
2104	86-87	0.02468091963307728
2104	88-89	0.021034285806177166
2104	90-91	-0.12793925318590027
2104	92-93	0.02158325936838068
2104	94-95	-0.009753780947409751
2104	96-97	0.009706797184726668
2104	98-99	-0.005345497129692234
2104	100-101	0.028915804833044234
2105	1	-0.06822487071068295
2105	2	0.05456791951474571
2105	3	-0.07528864535664326
2105	4	-0.041171632844566375
2105	5	-0.051444440031502836
2105	6	-0.052857885293803974
2105	7	-0.036772478509021767
2105	8	-0.03477905552267657
2105	9	-0.09001711632696896
2105	10-11	-0.016716016975472314
2105	12-13	-0.23296166567955368
2105	14-15	-0.2722873175653504
2105	16-17	-0.11990417285704069
2105	18-19	-0.001613114618564282
2105	20-21	-0.11669448429316986
2105	22-23	-0.12195137017342716
2105	24-25	-0.04678246543110731
2105	26-27	0.002271846601438199
2105	28-29	-0.0021745790057607906
2105	30-31	-0.03769578738943835
2105	32-33	-0.08321653655415417
2105	34-35	-0.0899598552621228
2105	36-37	0.054418519703183676
2105	38-39	-0.029362934957070763
2105	40-41	-0.017270692146226452
2105	42-43	-0.08293563175779894
2105	44-45	-0.15735048139328
2105	46-47	-0.28683089753074853
2105	48-49	-0.2762421725887876
2105	50-51	-0.13351062006868375
2105	52-53	-0.11516127587861291
2105	54-55	-0.0928549631242035
2105	56-57	-0.12442246778668675
2105	58-59	-0.12494506425839091
2105	60-61	-0.09708963874002308
2105	62-63	0.14785864192246123
2105	64-65	-0.07231675404635496
2105	66-67	-0.11028357476274664
2105	68-69	-0.08318443382027141
2105	70-71	-0.10249262099480916
2105	72-73	-0.06668902845862945
2105	74-75	-0.1165063600812637
2105	76-77	-0.07805621240645166
2105	78-79	-0.14627834201597167
2105	80-81	-0.06713568669528414
2105	82-83	0.010280667704776647
2105	84-85	0.06160169956413242
2105	86-87	0.13586937826347167
2105	88-89	0.05459795052985683
2105	90-91	0.13330967999851495
2105	92-93	0.12527308993675135
2105	94-95	0.1345394802548192
2105	96-97	0.13504962380522656
2105	98-99	0.23338127040569034
2105	100-101	0.3019335095929385
2106	1	-0.4446616867934914
2106	2	-0.3265923439664391
2106	3	-0.3978603157334284
2106	4	-0.8621877489785135
2106	5	-0.55486674817233
2106	6	-0.40676207021257227
2106	7	-0.35791471187629753
2106	8	-0.3437567701068218
2106	9	-0.418013251020696
2106	10-11	-0.36416658035607696
2106	12-13	-0.44720759654435227
2106	14-15	-0.5820285070509499
2106	16-17	-0.6407775086307055
2106	18-19	-0.3923685600574842
2106	20-21	-0.3921100842071752
2106	22-23	-0.4819165564093453
2106	24-25	-0.6382828632568263
2106	26-27	-0.6271759386398301
2106	28-29	-0.5133280983410344
2106	30-31	-0.5987623456592104
2106	32-33	-0.4433931458770104
2106	34-35	-0.3558419303562488
2106	36-37	-0.3127400270358507
2106	38-39	-0.3568337906405574
2106	40-41	-0.44550504255406054
2106	42-43	-0.5432459663417362
2106	44-45	-0.8698391917580466
2106	46-47	-0.9163473294632567
2106	48-49	-0.7378458243152437
2106	50-51	-0.49739688231363033
2106	52-53	-0.5134789859280744
2106	54-55	-0.4776021757969602
2106	56-57	-0.5042018682844045
2106	58-59	-0.4727772778689783
2106	60-61	-0.6369195194335404
2106	62-63	-2.0859279511943924
2106	64-65	-1.1174589054261261
2106	66-67	-0.6061734279650821
2106	68-69	-0.4767250517483248
2106	70-71	-0.7075766151673548
2106	72-73	-0.4284290894663698
2106	74-75	-0.35182833169670147
2106	76-77	-0.3553329920198891
2106	78-79	-0.2764344786475874
2106	80-81	-0.3076504365757238
2106	82-83	-0.2215775262699573
2106	84-85	-0.16984692561291936
2106	86-87	-0.17457149604203437
2106	88-89	-0.26901075072271396
2106	90-91	-0.20486152377899813
2106	92-93	-0.1080017790666119
2106	94-95	-0.11667240244580412
2106	96-97	-0.19870604955736226
2106	98-99	-0.16709968064297342
2106	100-101	-0.14103756281427238
2107	1	-1.0620780828231595
2107	2	-0.8342145400969976
2107	3	-0.8034351026280362
2107	4	-0.6310583469733473
2107	5	-0.8365429495846186
2107	6	-0.764956544577359
2107	7	-0.7209945038019967
2107	8	-0.6700805996540211
2107	9	-0.8331823294308123
2107	10-11	-1.0668842870496604
2107	12-13	-0.9218516765399158
2107	14-15	-1.0254866142355823
2107	16-17	-1.2691854211662275
2107	18-19	-1.8002254800570725
2107	20-21	-1.0899773550674325
2107	22-23	-1.1228134487768884
2107	24-25	-0.9776890838629484
2107	26-27	-1.0891262180405477
2107	28-29	-1.2614543638495945
2107	30-31	-1.4049641320429558
2107	32-33	-1.0735910192316922
2107	34-35	-1.0577797820302166
2107	36-37	-0.9122404181958146
2107	38-39	-0.9210914727875874
2107	40-41	-1.0641095475300517
2107	42-43	-0.99899901612212
2107	44-45	-1.0477065874324794
2107	46-47	-1.0811708695845113
2107	48-49	-1.0069425800217218
2107	50-51	-1.0487111564290643
2107	52-53	-1.0500758764722136
2107	54-55	-0.9828851241337588
2107	56-57	-0.9760837861232758
2107	58-59	-0.9886019305447675
2107	60-61	-0.9180820338032945
2107	62-63	-0.7527582801609825
2107	64-65	-0.8350965781660733
2107	66-67	-0.7901287432343551
2107	68-69	-0.8104139079236603
2107	70-71	-0.8534191159219056
2107	72-73	-0.9053690983686167
2107	74-75	-1.4230226454416801
2107	76-77	-1.1701381464549456
2107	78-79	-0.9663284803815309
2107	80-81	-0.8563100351572892
2107	82-83	-0.7296409753828534
2107	84-85	-0.6968266397180258
2107	86-87	-0.7742941191939714
2107	88-89	-0.7036374041488536
2107	90-91	-0.690014162627886
2107	92-93	-0.6429030794664818
2107	94-95	-0.6428082820627417
2107	96-97	-0.6935394050237136
2107	98-99	-0.6659106164149584
2107	100-101	-0.6396321133366314
2108	1	-1.4594132594089544
2108	2	-1.6457200350701484
2108	3	-1.2925474208225012
2108	4	-1.226373300892476
2108	5	-1.5066522476399058
2108	6	-1.5293443785435983
2108	7	-1.798702131606987
2108	8	-1.9246596927644504
2108	9	-1.842878690200962
2108	10-11	-2.472048840945128
2108	12-13	-2.682626205925011
2108	14-15	-2.73808543923154
2108	16-17	-2.2771042572619464
2108	18-19	-2.4987945718650053
2108	20-21	-3.3167114851214734
2108	22-23	-2.791722876373136
2108	24-25	-5.1047190491567775
2108	26-27	-4.190471608042991
2108	28-29	-3.759216340316158
2108	30-31	-3.1558932569339646
2108	32-33	-3.23169922659671
2108	34-35	-3.9801139186510994
2108	36-37	-3.7629146062752667
2108	38-39	-3.614336450939355
2108	40-41	-3.48748699328938
2108	42-43	-3.395568537157793
2108	44-45	-3.4531694928743804
2108	46-47	-3.5955541816303764
2108	48-49	-3.9340116785825856
2108	50-51	-4.184517550382097
2108	52-53	-4.166662324629698
2108	54-55	-3.955298179243705
2108	56-57	-4.328601944236183
2108	58-59	-4.657650126587814
2108	60-61	-4.652886113472793
2108	62-63	-9.815708426586134
2108	64-65	-5.961082653918766
2108	66-67	-3.964090444138016
2108	68-69	-3.2395575315033938
2108	70-71	-2.888366371413504
2108	72-73	-2.953484701906369
2108	74-75	-2.711148519220263
2108	76-77	-2.6716067587108405
2108	78-79	-2.725756690505701
2108	80-81	-2.5575764363467464
2108	82-83	-2.6395753829393946
2108	84-85	-2.6179921186463915
2108	86-87	-2.5981098291689726
2108	88-89	-2.4931475997449866
2108	90-91	-2.5819670378853523
2108	92-93	-2.6991027035461137
2108	94-95	-2.548911801592059
2108	96-97	-2.481328878635516
2108	98-99	-2.365199029827597
2108	100-101	-2.5385649665379333
2201	1	0.7399596242710054
2201	2	0.7875170741151152
2201	3	0.6459386315100133
2201	4	0.6428328708022306
2201	5	0.6183143444253929
2201	6	0.636353297658566
2201	7	0.6401452609472855
2201	8	0.6065464185054665
2201	9	0.8018790459146956
2201	10-11	0.4421066878066142
2201	12-13	0.7333746121336304
2201	14-15	0.8480198300422188
2201	16-17	0.5136988439240113
2201	18-19	0.6552820514120228
2201	20-21	0.8239393874356864
2201	22-23	0.8604595600007272
2201	24-25	0.9227949589354978
2201	26-27	0.9200009323776968
2201	28-29	0.8400346805141226
2201	30-31	0.818290569209978
2201	32-33	0.7884198381205607
2201	34-35	0.7777645392153971
2201	36-37	0.710217400966414
2201	38-39	0.6018054357548763
2201	40-41	0.7900729841210534
2201	42-43	0.7344572038011492
2201	44-45	0.7171947523851756
2201	46-47	0.7408699631845934
2201	48-49	0.771149360444845
2201	50-51	0.880841663351994
2201	52-53	0.7350977610805316
2201	54-55	0.6339251391461147
2201	56-57	0.5801232461599923
2201	58-59	0.5741467996497889
2201	60-61	0.5817054591287487
2201	62-63	0.745477465620688
2201	64-65	0.522883517497057
2201	66-67	0.38624661926385073
2201	68-69	0.2222243024818269
2201	70-71	0.164285444699928
2201	72-73	0.11886461378292523
2201	74-75	0.05642630874340071
2201	76-77	-0.030596247122062437
2201	78-79	-0.06384968425173199
2201	80-81	-0.19452654638957867
2201	82-83	-0.25992657179706313
2201	84-85	-0.261137489061948
2201	86-87	-0.6317676807889399
2201	88-89	-0.9451930438323082
2201	90-91	-3.3202666239755665
2201	92-93	-1.5649030600523481
2201	94-95	-1.008839524251588
2201	96-97	-1.0096435569781086
2201	98-99	-1.0504240958881574
2201	100-101	-1.156885110999653
2202	1	0.642920413965026
2202	2	0.6993375214489106
2202	3	0.5801217161291277
2202	4	0.5988191932793825
2202	5	0.640199084559498
2202	6	0.25631707755176336
2202	7	0.45483126189007805
2202	8	0.5393697153231898
2202	9	0.7028208812637757
2202	10-11	0.7254096266447263
2202	12-13	0.7131593037209711
2202	14-15	0.7699224128707414
2202	16-17	0.7715164769526979
2202	18-19	0.7963752400900646
2202	20-21	0.8262098562285587
2202	22-23	0.7973880836866201
2202	24-25	0.8245689561634109
2202	26-27	0.8318778346720634
2202	28-29	0.8014254960293954
2202	30-31	0.7087984949967563
2202	32-33	0.6613712983931279
2202	34-35	0.8217410538392329
2202	36-37	0.7266963816251035
2202	38-39	0.6970318677084961
2202	40-41	0.8144793416363001
2202	42-43	0.8284921574706416
2202	44-45	0.7523207277177875
2202	46-47	0.7671582606003682
2202	48-49	0.7714992911425824
2202	50-51	0.8410448561811492
2202	52-53	0.804772948055934
2202	54-55	0.7064037539451391
2202	56-57	0.6394701303724446
2202	58-59	0.6573379965033936
2202	60-61	0.6351793529309404
2202	62-63	0.7742574502827253
2202	64-65	0.6444511135879836
2202	66-67	0.5000529528575086
2202	68-69	0.4176418398241424
2202	70-71	0.4747684076003509
2202	72-73	0.42665911322358596
2202	74-75	0.3538729600720991
2202	76-77	0.39517209335257064
2202	78-79	0.26326938196183036
2202	80-81	0.2181453970991747
2202	82-83	0.16337535389120816
2202	84-85	-1.259972394888269
2202	86-87	-1.1568419573366313
2202	88-89	-0.23098598133362458
2202	90-91	0.019478625125618265
2202	92-93	0.03340866645347873
2202	94-95	0.022815850015813766
2202	96-97	0.012246769551641279
2202	98-99	-0.037256356267665325
2202	100-101	-0.03504286687275382
2203	1	0.5720826174566547
2203	2	0.5996260040159811
2203	3	0.46507679580251704
2203	4	0.4792260443384606
2203	5	0.4864104934078739
2203	6	0.48390049408504154
2203	7	0.4679510109357068
2203	8	0.47939946287890933
2203	9	0.1279551258631173
2203	10-11	0.40000011603506636
2203	12-13	0.05731756107763886
2203	14-15	0.4756732990214232
2203	16-17	0.5419934676029072
2203	18-19	0.639923277354292
2203	20-21	0.6637143107608594
2203	22-23	0.7052019931484708
2203	24-25	0.8084810427666369
2203	26-27	0.6964998797686235
2203	28-29	0.6685519728687268
2203	30-31	0.6594934716325866
2203	32-33	0.6723028578084467
2203	34-35	0.7170597221485195
2203	36-37	0.6868331790600379
2203	38-39	0.65933177947894
2203	40-41	0.7290168485321757
2203	42-43	0.6710494647199639
2203	44-45	0.6666685903296852
2203	46-47	0.6717302244311298
2203	48-49	0.6199773701765849
2203	50-51	0.7449968154370836
2203	52-53	0.7676704160420513
2203	54-55	0.6518132882995715
2203	56-57	0.6715140508805248
2203	58-59	0.6476953140639452
2203	60-61	0.5516797334340495
2203	62-63	0.7130000334881501
2203	64-65	0.5894095655644236
2203	66-67	0.48410082132917154
2203	68-69	0.40712066234233646
2203	70-71	0.4112136571168037
2203	72-73	0.4673490704336061
2203	74-75	0.4439321061081394
2203	76-77	0.4191710746201025
2203	78-79	0.37287002251381907
2203	80-81	0.41602795596320874
2203	82-83	0.3757876029823528
2203	84-85	0.5422746599347761
2203	86-87	0.562245335229953
2203	88-89	0.5186499731483636
2203	90-91	0.5767300810552278
2203	92-93	0.5058703636165696
2203	94-95	0.4672442000253909
2203	96-97	0.4642164513572702
2203	98-99	0.47086209623170205
2203	100-101	0.5225502203317625
2204	1	0.3712436636761858
2204	2	0.39560689694165063
2204	3	0.2935305706792093
2204	4	0.29521905651598246
2204	5	0.34658905693990505
2204	6	0.32377562975580787
2204	7	0.23880361207287848
2204	8	0.2833563971547548
2204	9	0.3817444989618579
2204	10-11	0.34963131604200015
2204	12-13	0.35165891374055747
2204	14-15	0.3231287186814029
2204	16-17	0.31093396397495354
2204	18-19	0.46720256682574046
2204	20-21	0.45657874766342843
2204	22-23	0.37596901799226146
2204	24-25	0.4119737056111532
2204	26-27	0.4209125329320713
2204	28-29	0.3827597432552565
2204	30-31	0.3383914794246152
2204	32-33	0.3630983787805562
2204	34-35	0.38469554269893536
2204	36-37	0.38253874793424103
2204	38-39	0.3852515532961718
2204	40-41	0.40049924924447566
2204	42-43	0.3590689204734261
2204	44-45	0.3439367084101974
2204	46-47	0.4128119042266647
2204	48-49	0.3860061608344054
2204	50-51	0.4975703220027796
2204	52-53	0.48057657892523764
2204	54-55	0.4485436730637815
2204	56-57	0.41581673231948457
2204	58-59	0.40983343110651305
2204	60-61	0.37928855835338027
2204	62-63	0.5751104206343669
2204	64-65	0.46923659087608627
2204	66-67	0.359114207382369
2204	68-69	0.3044781137714878
2204	70-71	0.27167290396501187
2204	72-73	0.29347430775603556
2204	74-75	0.3057869110582665
2204	76-77	0.26255691615470766
2204	78-79	0.2565934366981857
2204	80-81	0.2616890209026259
2204	82-83	0.2285613481939457
2204	84-85	0.315253191538865
2204	86-87	0.3747973265152531
2204	88-89	0.34183145330220555
2204	90-91	0.004179343736161911
2204	92-93	0.2763844628903023
2204	94-95	0.3717142832923308
2204	96-97	0.3314725983951554
2204	98-99	0.3258879616463979
2204	100-101	0.40214193323752667
2205	1	0.17936413344790836
2205	2	0.20783513500781226
2205	3	0.1602127113566567
2205	4	0.1681452437185058
2205	5	0.1313474242630832
2205	6	0.12780940170822674
2205	7	0.13977338373591408
2205	8	0.15203009356525854
2205	9	0.19458783047922878
2205	10-11	0.2207299287887068
2205	12-13	0.12504985107342748
2205	14-15	0.10757459137114722
2205	16-17	0.12500297599255106
2205	18-19	0.21117653273127246
2205	20-21	0.22460336686939542
2205	22-23	0.11687866085258491
2205	24-25	0.16654723188670317
2205	26-27	0.19630396268073724
2205	28-29	0.16248267807770134
2205	30-31	0.11375996610533434
2205	32-33	0.20866201155457276
2205	34-35	0.1851109325008906
2205	36-37	0.158762765937432
2205	38-39	0.15494217112513553
2205	40-41	0.18841809649217112
2205	42-43	0.16743007170573065
2205	44-45	0.14533868058231292
2205	46-47	0.20450550273618262
2205	48-49	0.214541759158557
2205	50-51	0.35730293584636996
2205	52-53	0.3547327094408743
2205	54-55	0.23062433924643955
2205	56-57	0.22580627807536047
2205	58-59	0.2854718025609557
2205	60-61	0.2709369284181591
2205	62-63	0.46285653565894336
2205	64-65	0.3977171867345035
2205	66-67	0.3061890408190422
2205	68-69	0.3049477235085263
2205	70-71	0.28140559088539874
2205	72-73	0.33500243300380816
2205	74-75	0.3971128967637192
2205	76-77	0.36890545031342015
2205	78-79	0.39472608228146555
2205	80-81	0.44161713099914834
2205	82-83	0.4112845999260806
2205	84-85	0.5563521337401163
2205	86-87	0.6499742911026019
2205	88-89	0.6509397233906178
2205	90-91	0.7223695336396041
2205	92-93	0.7671993951828249
2205	94-95	0.7223407980372194
2205	96-97	0.7013641195506999
2205	98-99	0.5455028292903243
2205	100-101	0.5668909887504334
2206	1	-0.09745946689351825
2206	2	-0.06041923758292711
2206	3	-0.1059152940904724
2206	4	-0.05332791661677305
2206	5	-0.11918001473235762
2206	6	-0.13613672762943452
2206	7	-0.13978413699391723
2206	8	-0.12459361912852529
2206	9	-0.11150173009490771
2206	10-11	-0.1788367164523308
2206	12-13	-0.17253753547336714
2206	14-15	-0.18906087870299615
2206	16-17	-0.1848691399325375
2206	18-19	-0.18757820044626783
2206	20-21	-0.09239565730790389
2206	22-23	-0.42439185382848876
2206	24-25	-0.2169576103085049
2206	26-27	-0.11323991668613331
2206	28-29	-0.2670582550227536
2206	30-31	-0.14129218726741044
2206	32-33	-0.029565568062658087
2206	34-35	-0.02806607374193959
2206	36-37	-0.0809131685670792
2206	38-39	-0.04668676923972015
2206	40-41	-0.10563699569964058
2206	42-43	-0.021180368891222656
2206	44-45	-0.1024781213365884
2206	46-47	-0.13661874235917537
2206	48-49	-0.1541332606523298
2206	50-51	-0.0468135343116316
2206	52-53	-0.13827237183047458
2206	54-55	-0.22982833263264268
2206	56-57	-0.21824211012837935
2206	58-59	-0.15888106823955894
2206	60-61	-0.29497018179864654
2206	62-63	-2.3772963302191314
2206	64-65	-0.7454691181598818
2206	66-67	-0.28436313662603396
2206	68-69	-0.25615164581825667
2206	70-71	-0.164505005460569
2206	72-73	-0.10344476832133864
2206	74-75	-0.1201730935401848
2206	76-77	0.0027916640208367483
2206	78-79	0.02118969521304237
2206	80-81	-0.008836728854859643
2206	82-83	-0.018771735998786454
2206	84-85	0.1255020334460717
2206	86-87	0.2604476674106735
2206	88-89	0.28136717481951123
2206	90-91	0.3233065111407001
2206	92-93	0.2992141843217091
2206	94-95	0.23970679877071532
2206	96-97	0.21395753968677056
2206	98-99	0.23279538183371074
2206	100-101	0.3469440204383538
2207	1	-0.4626066419929522
2207	2	-0.2947918277362689
2207	3	-0.30182361689337256
2207	4	-0.29759313923473485
2207	5	-1.1471580308618456
2207	6	-0.5574967319297315
2207	7	-0.4867088956324608
2207	8	-0.3874522135159921
2207	9	-0.5984565238329935
2207	10-11	-0.46420891560257616
2207	12-13	-0.4103440454029226
2207	14-15	-0.4976267396363028
2207	16-17	-0.7425156827784676
2207	18-19	-0.5135881059055123
2207	20-21	-0.5334946075996356
2207	22-23	-0.43301862535268043
2207	24-25	-0.4322073082199509
2207	26-27	-0.45920368800825173
2207	28-29	-0.5513661756252546
2207	30-31	-0.5558325949704965
2207	32-33	-0.45643651644717664
2207	34-35	-0.42085500135900134
2207	36-37	-0.3945822362887128
2207	38-39	-0.40976956866415293
2207	40-41	-0.6535067390554303
2207	42-43	-0.6606333056555869
2207	44-45	-0.6853847325478455
2207	46-47	-0.44202132863289023
2207	48-49	-0.4721950857928263
2207	50-51	-0.5018437246389951
2207	52-53	-0.4470413116144627
2207	54-55	-0.4465547139114747
2207	56-57	-0.4742195631145947
2207	58-59	-0.3681064300860655
2207	60-61	-0.40495327633647804
2207	62-63	-0.2666635591335691
2207	64-65	-0.3598855170021338
2207	66-67	-0.44133742303588974
2207	68-69	-0.42408899534554223
2207	70-71	-0.31622857708013896
2207	72-73	-0.32460167476832424
2207	74-75	-0.30415431360998113
2207	76-77	-0.35878144682387614
2207	78-79	-0.25868487357842795
2207	80-81	-0.2469091807473589
2207	82-83	-0.26446915205052335
2207	84-85	-0.41081659818513927
2207	86-87	-0.43010357331808535
2207	88-89	-0.3630237526450095
2207	90-91	-0.057108145966971335
2207	92-93	-0.0247505381301103
2207	94-95	0.03032109026282015
2207	96-97	-8.807629203637646E-4
2207	98-99	-0.018839884512413363
2207	100-101	0.025013305065638036
2208	1	-1.7715213219158201
2208	2	-2.126418272996702
2208	3	-1.356999076251224
2208	4	-2.188702322144728
2208	5	-1.630286127704494
2208	6	-1.5134908994797485
2208	7	-1.5705599469343952
2208	8	-2.294649515396351
2208	9	-2.1003945003588456
2208	10-11	-2.0123876996289454
2208	12-13	-1.4389724996840698
2208	14-15	-1.787761255856509
2208	16-17	-1.6253787684477174
2208	18-19	-1.8172704850816999
2208	20-21	-2.0739546723995517
2208	22-23	-1.8063486974545881
2208	24-25	-2.4646813141290167
2208	26-27	-2.6098698581989694
2208	28-29	-2.559267434435043
2208	30-31	-2.276395368064186
2208	32-33	-3.0873325345729867
2208	34-35	-3.075854866286363
2208	36-37	-2.557860693170504
2208	38-39	-2.3542375376998663
2208	40-41	-2.0554791187839925
2208	42-43	-2.1168843195403824
2208	44-45	-2.1650941140213362
2208	46-47	-2.094914157834822
2208	48-49	-2.229193078250532
2208	50-51	-2.1204769279665996
2208	52-53	-2.3110498999494737
2208	54-55	-3.190749621175705
2208	56-57	-2.66677640215142
2208	58-59	-2.5876959040164422
2208	60-61	-2.618682072788193
2208	62-63	-2.421399202491269
2208	64-65	-2.3447308776467537
2208	66-67	-2.0624043900342173
2208	68-69	-1.9162998098658122
2208	70-71	-1.8010412884503353
2208	72-73	-1.5511693506628035
2208	74-75	-1.5716326593155685
2208	76-77	-1.7104182348852248
2208	78-79	-1.6985201568633848
2208	80-81	-1.7085436490537411
2208	82-83	-1.6953135737722995
2208	84-85	-1.7022929065114845
2208	86-87	-1.6217146384417802
2208	88-89	-1.5596949949813137
2208	90-91	-1.4223283862726213
2208	92-93	-1.6276400644364166
2208	94-95	-1.5838494004379342
2208	96-97	-1.6012166166688182
2208	98-99	-1.6276453706388416
2208	100-101	-1.7044873656607322
2301	1	0.5890186429116504
2301	2	0.5953301918150231
2301	3	0.4865973362179403
2301	4	0.46679882117670957
2301	5	0.5412356943360805
2301	6	0.4740886779468596
2301	7	0.5123532804366846
2301	8	0.5434752474014815
2301	9	0.6135741618460742
2301	10-11	0.5450855683736862
2301	12-13	0.5009519393729818
2301	14-15	0.4944642366064045
2301	16-17	0.5333550875983022
2301	18-19	0.5258867412258965
2301	20-21	0.5726885431200373
2301	22-23	0.5531889350828507
2301	24-25	0.5495408900620689
2301	26-27	0.49916735578202776
2301	28-29	0.42440186815284164
2301	30-31	0.35971728687295723
2301	32-33	0.28068770369770135
2301	34-35	0.24622724194880874
2301	36-37	0.21224679842156746
2301	38-39	0.11860201516671509
2301	40-41	0.17446779357738507
2301	42-43	0.24444181967746914
2301	44-45	0.17161967665423106
2301	46-47	0.10818796211211179
2301	48-49	0.09924308569689799
2301	50-51	0.3429412482079357
2301	52-53	0.26750572445978804
2301	54-55	0.19135991820353837
2301	56-57	0.15602751798879666
2301	58-59	0.11264515008251408
2301	60-61	0.10939727947684474
2301	62-63	0.24797963012285607
2301	64-65	-0.02329599945850447
2301	66-67	-0.15439753942132484
2301	68-69	-0.19689128797092081
2301	70-71	-0.2602624744304336
2301	72-73	-0.31970042249334796
2301	74-75	-0.3960952386181802
2301	76-77	-0.44672056305769914
2301	78-79	-0.49539907005870987
2301	80-81	-0.5447083929815939
2301	82-83	-0.5930022814306035
2301	84-85	-0.5118045108561269
2301	86-87	-0.5630381068354104
2301	88-89	-0.7242612389677667
2301	90-91	-0.7284208558525229
2301	92-93	-0.8446001149799223
2301	94-95	-0.9668697029872639
2301	96-97	-0.9893036786447951
2301	98-99	-1.018199875481816
2301	100-101	-1.200204842949411
2302	1	0.5227181423486762
2302	2	0.535545442909438
2302	3	0.3531026448016874
2302	4	0.42269281227919464
2302	5	0.4560517842904943
2302	6	0.4416975420666418
2302	7	0.43274199754402076
2302	8	0.3851747972189514
2302	9	0.5363566534135842
2302	10-11	0.5418160564521557
2302	12-13	0.5062627736175358
2302	14-15	0.5690374365491948
2302	16-17	0.558552982693044
2302	18-19	0.5255477856777517
2302	20-21	0.6014051415397361
2302	22-23	0.5827342215094333
2302	24-25	0.5868985149539512
2302	26-27	0.598595288376309
2302	28-29	0.6006220931015349
2302	30-31	0.5218731710053532
2302	32-33	0.5433755490762735
2302	34-35	0.5236033528839954
2302	36-37	0.46691293238534826
2302	38-39	0.5014108516156099
2302	40-41	0.5309374388152861
2302	42-43	0.47547719090623985
2302	44-45	0.45259722225573285
2302	46-47	0.5100380433313987
2302	48-49	0.49144038856566397
2302	50-51	0.5432887198416054
2302	52-53	0.5840508930549433
2302	54-55	0.4888690463027885
2302	56-57	0.4457997823897202
2302	58-59	0.5005567584852813
2302	60-61	0.5273585861435777
2302	62-63	0.7228218092203562
2302	64-65	0.4729778486977736
2302	66-67	0.3641013035866223
2302	68-69	0.2801730204305457
2302	70-71	0.2823478362091265
2302	72-73	0.28588192271512725
2302	74-75	0.21839476581823902
2302	76-77	0.2585268992351253
2302	78-79	0.2511123749656434
2302	80-81	0.21179433839938966
2302	82-83	0.2197167352505005
2302	84-85	0.20397226643078525
2302	86-87	0.2320355230993698
2302	88-89	0.19542204320831402
2302	90-91	0.19831622579877362
2302	92-93	0.14192935575878707
2302	94-95	0.039272363860302306
2302	96-97	0.020925405973830635
2302	98-99	-0.002263504706288444
2302	100-101	0.02295320671100498
2303	1	0.3887737773626192
2303	2	0.46965545211476467
2303	3	0.3464052631442698
2303	4	0.3596988718532046
2303	5	0.38428036299256974
2303	6	0.3459886103227774
2303	7	0.32928591605325863
2303	8	0.31549929992078063
2303	9	0.40511884272675047
2303	10-11	0.3796649291798886
2303	12-13	0.3399417867701686
2303	14-15	0.35552622345613827
2303	16-17	0.40887172884256273
2303	18-19	0.42937979182189423
2303	20-21	0.38400349673678846
2303	22-23	0.3123306407504245
2303	24-25	0.37092247688960356
2303	26-27	0.3148711373172688
2303	28-29	0.35070765301368567
2303	30-31	0.27505147304603383
2303	32-33	0.2057426617324012
2303	34-35	0.29233171385193657
2303	36-37	0.26627555475867126
2303	38-39	0.20896816127598328
2303	40-41	0.2850020435009739
2303	42-43	0.24515925319683873
2303	44-45	0.22552545828813209
2303	46-47	0.2486905972711213
2303	48-49	0.20159322101587662
2303	50-51	0.31824926538387643
2303	52-53	0.3073706635152931
2303	54-55	0.23286751083993096
2303	56-57	0.19591375237824593
2303	58-59	0.2121695707130229
2303	60-61	0.21091758034086894
2303	62-63	0.3365165267522414
2303	64-65	0.1963002279542252
2303	66-67	0.05207461015542236
2303	68-69	0.04723043315269848
2303	70-71	0.012044421753699908
2303	72-73	-0.059868964777237466
2303	74-75	-0.042328289259753404
2303	76-77	-0.05431844015061671
2303	78-79	-0.033014161393090546
2303	80-81	0.009443325742143571
2303	82-83	-0.025338377717538663
2303	84-85	0.048381516017744985
2303	86-87	0.11131376955262695
2303	88-89	0.06262723993017616
2303	90-91	0.1508488077988268
2303	92-93	0.030046318122462168
2303	94-95	0.08335525592007187
2303	96-97	0.20523925962725187
2303	98-99	0.2403389098921913
2303	100-101	0.3686955511128005
2304	1	0.1427765448832048
2304	2	0.15027754723779196
2304	3	0.039586652780080556
2304	4	0.07557936839911861
2304	5	0.12666557324906336
2304	6	0.09349083728429264
2304	7	0.14880231517913955
2304	8	0.06829492721460895
2304	9	0.10594312881342915
2304	10-11	-0.0762401097527814
2304	12-13	0.05561805897551153
2304	14-15	0.06318572975930437
2304	16-17	0.1184336838871971
2304	18-19	0.07066644654444332
2304	20-21	-0.023643596509501208
2304	22-23	-0.019597160181980655
2304	24-25	-0.0741174724651259
2304	26-27	0.13465825930274633
2304	28-29	0.15692038798250962
2304	30-31	0.1390276588919548
2304	32-33	0.1521321468092438
2304	34-35	0.22646590608999162
2304	36-37	0.17565858445484395
2304	38-39	0.16855922789449806
2304	40-41	0.18033272438078995
2304	42-43	0.18202218999605435
2304	44-45	0.11951878006352956
2304	46-47	0.059739104541932875
2304	48-49	0.14869893947474822
2304	50-51	0.18302934443730834
2304	52-53	0.18165187363464952
2304	54-55	0.13782008409617674
2304	56-57	0.14185293903928908
2304	58-59	-0.0017915716901555356
2304	60-61	-0.0189116455513485
2304	62-63	0.3447686678567763
2304	64-65	0.19090846892358115
2304	66-67	0.10071694683653476
2304	68-69	0.030138540474808906
2304	70-71	0.07134165358290545
2304	72-73	0.03593282116609231
2304	74-75	0.09252509185005664
2304	76-77	0.09150246781129567
2304	78-79	0.07991143651726063
2304	80-81	0.0938175924112521
2304	82-83	0.0873942858230059
2304	84-85	0.1254866374676844
2304	86-87	0.19299067896154654
2304	88-89	0.13122847166007645
2304	90-91	0.23452132298561068
2304	92-93	0.23459375284603468
2304	94-95	0.17036830204285636
2304	96-97	0.19411408695276222
2304	98-99	0.025406357123401335
2304	100-101	-0.02496569183614028
2305	1	0.030515301525479543
2305	2	-0.054282122672034916
2305	3	-0.30978973650751485
2305	4	-0.09315398571474987
2305	5	0.015538148733533319
2305	6	-0.02461055776311838
2305	7	0.002706779749765076
2305	8	0.022232435299919473
2305	9	-0.06944041374210741
2305	10-11	0.06865798390008138
2305	12-13	-0.18924386176195185
2305	14-15	-0.3432521670370079
2305	16-17	-0.24301747590074285
2305	18-19	-0.10336416983661678
2305	20-21	-0.08062797291481161
2305	22-23	-0.11285186752757426
2305	24-25	-0.4081374981656367
2305	26-27	-0.1712783666365354
2305	28-29	-0.16757685654319232
2305	30-31	-0.11920778785464137
2305	32-33	-0.053243542675353694
2305	34-35	0.05488319565935029
2305	36-37	-0.019457662925518093
2305	38-39	0.0064348625529788706
2305	40-41	-0.007852536141818689
2305	42-43	-0.06105429674649798
2305	44-45	-0.04991879270427546
2305	46-47	-0.05795296489134216
2305	48-49	-0.051897006842480664
2305	50-51	0.00965071775140558
2305	52-53	0.06696559605681074
2305	54-55	0.024592536006281307
2305	56-57	0.08473806908806836
2305	58-59	0.09116468939057398
2305	60-61	0.05840498450297815
2305	62-63	0.29556654922784986
2305	64-65	0.1190719074203841
2305	66-67	0.07511262875636504
2305	68-69	0.10633675228103101
2305	70-71	0.11088931472548325
2305	72-73	0.02687556668544744
2305	74-75	0.10224229998107504
2305	76-77	0.08793679413386712
2305	78-79	0.1225818601075197
2305	80-81	0.13600430428585142
2305	82-83	0.1412227527739489
2305	84-85	0.21392348209540657
2305	86-87	0.2782213663085429
2305	88-89	0.221985488478758
2305	90-91	0.3435019046845298
2305	92-93	0.25845363947302147
2305	94-95	0.3249158609254863
2305	96-97	0.45008700161991655
2305	98-99	0.46431632032214054
2305	100-101	0.47529013544065535
2306	1	-0.3580084380953963
2306	2	-0.4541054582626032
2306	3	-0.47484748693585743
2306	4	-0.5456122442486944
2306	5	-0.5822074712416523
2306	6	-0.3755999275394686
2306	7	-0.3048417879650742
2306	8	-0.30588863744826256
2306	9	-0.46403545175913763
2306	10-11	-0.3064234266156163
2306	12-13	-0.351327512850645
2306	14-15	-0.5486646915219637
2306	16-17	-0.7426617747104629
2306	18-19	-1.254587431801859
2306	20-21	-1.1323001448162984
2306	22-23	-1.1363788657505651
2306	24-25	-0.7998386384491383
2306	26-27	-0.6528410140576071
2306	28-29	-1.0468546694167173
2306	30-31	-1.1005713696810062
2306	32-33	-1.2690072962941272
2306	34-35	-0.9323872274135496
2306	36-37	-0.9373826241813319
2306	38-39	-0.8842012283970178
2306	40-41	-1.500421169028705
2306	42-43	-1.7419301971796202
2306	44-45	-1.5444681421200386
2306	46-47	-1.326215916357711
2306	48-49	-1.551770543993726
2306	50-51	-1.4943381430103884
2306	52-53	-1.2609978003428282
2306	54-55	-1.3489644622621597
2306	56-57	-1.2232476830491095
2306	58-59	-1.317309380408048
2306	60-61	-1.751502261228346
2306	62-63	-1.134584900781924
2306	64-65	-1.1995404734497583
2306	66-67	-1.1055578570344018
2306	68-69	-1.1539456962607844
2306	70-71	-1.0851107579908792
2306	72-73	-0.899594458265355
2306	74-75	-0.7098166184538854
2306	76-77	-0.7001310138767458
2306	78-79	-0.7026331621845898
2306	80-81	-0.8530122750454332
2306	82-83	-0.8502084779959809
2306	84-85	-0.611901603232706
2306	86-87	-0.5523248290348839
2306	88-89	-0.592036121916049
2306	90-91	-0.3979805683990527
2306	92-93	-0.43374224023592944
2306	94-95	-0.35059986626088957
2306	96-97	-0.2816544962463077
2306	98-99	-0.2044135338360995
2306	100-101	-0.2247802449113827
2307	1	-0.9873177900877792
2307	2	-0.649674811112412
2307	3	-0.6159677694192531
2307	4	-0.4714607649500451
2307	5	-1.236154180772786
2307	6	-0.8155841603105003
2307	7	-0.5960757045924439
2307	8	-0.4874571069983915
2307	9	-0.7316132611505779
2307	10-11	-0.6783536146123268
2307	12-13	-0.8893825051046491
2307	14-15	-0.9397211269384798
2307	16-17	-0.8667657278189722
2307	18-19	-0.9061150874276223
2307	20-21	-1.240126425366178
2307	22-23	-1.3230228838051872
2307	24-25	-0.9452212318900379
2307	26-27	-0.9464050711681793
2307	28-29	-1.0336216949418429
2307	30-31	-0.8986102072160094
2307	32-33	-0.7878049382239212
2307	34-35	-0.6473253101864884
2307	36-37	-0.6304612279590245
2307	38-39	-0.6527319080938341
2307	40-41	-0.9397032584662242
2307	42-43	-0.7893190693540788
2307	44-45	-0.7709876262091058
2307	46-47	-0.710563938712653
2307	48-49	-0.7155217181963067
2307	50-51	-0.628806550460645
2307	52-53	-0.560761269711584
2307	54-55	-0.6094097123955322
2307	56-57	-0.6272734443496759
2307	58-59	-0.5401925148129223
2307	60-61	-0.49587843971171
2307	62-63	-0.4010920866606966
2307	64-65	-0.575114098202647
2307	66-67	-0.4113626509772317
2307	68-69	-0.4315747336087341
2307	70-71	-0.417754578939288
2307	72-73	-0.4891843866450216
2307	74-75	-0.4223087893797306
2307	76-77	-0.40760063871791274
2307	78-79	-0.444903972935478
2307	80-81	-0.36392719035444543
2307	82-83	-0.3962264536009812
2307	84-85	-0.36186631056548535
2307	86-87	-0.2843249345640828
2307	88-89	-0.28262224845417805
2307	90-91	-0.1999292658618117
2307	92-93	-0.3093597350742563
2307	94-95	-0.2485091356310143
2307	96-97	-0.16830694268453428
2307	98-99	-0.10738790343232907
2307	100-101	-0.1405766497903862
2308	1	-2.6204910922807905
2308	2	-1.915067763430013
2308	3	-1.9462829343288846
2308	4	-1.865148167012741
2308	5	-1.4703448102987409
2308	6	-2.2292239185468077
2308	7	-1.9982864204880073
2308	8	-1.8968206821035096
2308	9	-1.955065416762615
2308	10-11	-2.212539412182444
2308	12-13	-1.975456515022401
2308	14-15	-2.659487080215584
2308	16-17	-2.920517908437141
2308	18-19	-3.2908643220700995
2308	20-21	-3.3647751222824382
2308	22-23	-2.9196409395799137
2308	24-25	-3.0174369631736866
2308	26-27	-3.1264397196297367
2308	28-29	-2.8500027333355646
2308	30-31	-3.0567648222497397
2308	32-33	-3.023824919929247
2308	34-35	-3.697332714914353
2308	36-37	-4.006684761451993
2308	38-39	-3.6939199042881583
2308	40-41	-3.3736235479870373
2308	42-43	-3.3373399737505522
2308	44-45	-3.3716970537629507
2308	46-47	-3.289813915311555
2308	48-49	-3.6470401884739445
2308	50-51	-3.392537616814291
2308	52-53	-3.573257196436874
2308	54-55	-3.4694073190094485
2308	56-57	-3.828017511598091
2308	58-59	-3.7455124644715667
2308	60-61	-3.57338391840106
2308	62-63	-3.4191225416724578
2308	64-65	-3.9855549465659585
2308	66-67	-3.9893299405581963
2308	68-69	-3.3150320152076986
2308	70-71	-2.8046883364326973
2308	72-73	-2.5303761695011744
2308	74-75	-2.384332543315093
2308	76-77	-2.355721506940462
2308	78-79	-2.081488892215855
2308	80-81	-2.433697753040928
2308	82-83	-2.414581131837906
2308	84-85	-2.208908775937932
2308	86-87	-2.376841378050365
2308	88-89	-2.287877578711786
2308	90-91	-2.2318260448996092
2308	92-93	-2.2890250744198504
2308	94-95	-2.4122133345568066
2308	96-97	-2.6099352099701214
2308	98-99	-2.5261888918623363
2308	100-101	-2.3540597454306074
>>END_MODULE
>>Per sequence quality scores	pass
#Quality	Count
2	29921.0
3	5890.0
4	6608.0
5	7823.0
6	9303.0
7	10550.0
8	12184.0
9	13595.0
10	14857.0
11	15537.0
12	15694.0
13	15552.0
14	15403.0
15	15697.0
16	15590.0
17	16469.0
18	17682.0
19	19248.0
20	21705.0
21	24387.0
22	27371.0
23	31512.0
24	36605.0
25	42323.0
26	49486.0
27	58174.0
28	68558.0
29	81089.0
30	97457.0
31	120661.0
32	152520.0
33	202414.0
34	290195.0
35	474401.0
36	926531.0
37	1417135.0
38	590794.0
39	29071.0
40	8.0
>>END_MODULE
>>Per base sequence content	warn
#Base	G	A	T	C
1	23.177375998998894	36.80198424062447	20.41362946135279	19.60701029902384
2	21.079266227465155	32.30276789998831	32.022727304629825	14.595238567916713
3	18.16747286692403	29.804743697283563	32.926731472764274	19.101051963028127
4	21.724772231559268	28.928707345173805	29.52153288491453	19.824987538352403
5	23.342730464491257	28.063761195897403	26.713846828834185	21.879661510777158
6	22.557300175197387	26.351030575804707	25.92429908510261	25.1673701638953
7	24.345380339041238	26.261247883674326	27.26862191128748	22.124749865996957
8	21.558795950566818	25.731455137712334	28.284950665480597	24.424798246240254
9	22.526526482359298	24.544093476706536	28.57808427704869	24.351295763885478
10-11	22.969533971642804	26.273280383671615	27.61257903614982	23.14460660853576
12-13	22.563952045520523	26.168412453302526	28.06404764231032	23.203587858866637
14-15	22.441099295954384	26.07244233780651	28.243456076248126	23.24300228999098
16-17	22.85551468299279	26.23931974402776	27.908739635804313	22.996425937175136
18-19	22.95828255506048	25.921579307996605	27.72711139916362	23.393026737779294
20-21	22.93403961854508	25.825877239733313	27.762965548359485	23.477117593362127
22-23	23.206995209437224	26.114132185230552	27.505017322824866	23.173855282507358
24-25	23.0317850565999	26.017684364387016	27.548508192281002	23.402022386732078
26-27	22.975599120943947	25.974415036371173	27.645328897574984	23.404656945109895
28-29	23.248269350154157	26.09711357303196	27.43392109767666	23.22069597913722
30-31	23.22640862684588	25.837955950228995	27.380663561304523	23.554971861620597
32-33	23.09697992270676	25.833662683285002	27.51801475794932	23.551342636058923
34-35	23.222768891631972	26.158810573591616	27.389002013816206	23.229418520960202
36-37	23.06849447294467	25.95644321138145	27.447583641782654	23.52747867389122
38-39	23.014595685637705	25.854237425623296	27.55736952186098	23.573797366878026
40-41	23.328395641436025	26.022584506598573	27.3000207236822	23.3489991282832
42-43	23.253169984907053	25.815283209970545	27.339449412571593	23.592097392550812
44-45	23.151931311185557	25.79185819922167	27.53188843383938	23.524322055753387
46-47	23.2109899291004	26.046412333517903	27.44600405868264	23.296593678699058
48-49	23.14501643895257	25.834047848787904	27.35840987614609	23.662525836113435
50-51	23.136322600241247	25.797907357400707	27.506338264526363	23.559431777831684
52-53	23.214840724967985	26.02943954262193	27.378036724834843	23.377683007575246
54-55	23.125434292813374	25.86671559824368	27.39661950986202	23.61123059908093
56-57	23.007659057600776	25.812284266636137	27.67950474521922	23.50055193054387
58-59	23.159184611875325	26.069374876995433	27.49969856984683	23.271741941282407
60-61	23.092028838437553	26.016072564207338	27.392161597661396	23.49973699969371
62-63	23.046129708287936	25.975004533178858	27.501783184072735	23.47708257446047
64-65	23.221364027080924	26.16805854605648	27.310301647250213	23.300275779612384
66-67	23.09507387155755	25.984323628884447	27.40200211075927	23.518600388798728
68-69	23.016305560863845	25.961799374742007	27.55983361897783	23.46206144541632
70-71	23.158704306459313	26.1488580755722	27.443392917766186	23.2490447002023
72-73	23.164241597903423	25.945983205074246	27.33664361372733	23.553131583295002
74-75	23.138938870134584	25.843966291733032	27.488410767340977	23.52868407079141
76-77	23.242823678460407	26.06373953028442	27.389250748097975	23.304186043157195
78-79	23.13497797637452	25.90110967982836	27.431750899509627	23.532161444287496
80-81	23.079617918598586	25.860320115758935	27.5856874909363	23.474374474706174
82-83	23.23771860430595	26.068659265653398	27.431683994616012	23.26193813542464
84-85	23.247080813092122	25.884628950458694	27.37745563911461	23.49083459733457
86-87	23.142651061428822	25.835024361523544	27.5081831941697	23.51414138287793
88-89	23.296005178759437	26.0386285861472	27.39378671046126	23.271579524632106
90-91	23.200905405876366	25.90726860414391	27.409788894857627	23.482037095122095
92-93	23.12590468042702	25.843961200574512	27.563084312410837	23.467049806587635
94-95	23.323115966842515	26.03707305109812	27.39010937818395	23.249701603875415
96-97	23.21857559067036	25.82590338660334	27.417102737529692	23.538418285196613
98-99	23.146334638358056	25.78188860063364	27.548161853566533	23.523614907441768
100-101	23.41619530428538	25.897869822698972	27.401941137286723	23.283993735728924
>>END_MODULE
>>Per sequence GC content	pass
#GC Content	Count
0	5839.0
1	3150.0
2	406.5
3	303.5
4	216.0
5	169.0
6	163.5
7	166.5
8	168.5
9	176.5
10	193.5
11	216.5
12	229.0
13	241.0
14	281.5
15	330.5
16	381.5
17	452.0
18	546.5
19	642.5
20	746.5
21	878.0
22	1142.0
23	1530.5
24	1926.5
25	2344.5
26	3022.0
27	4040.5
28	5376.5
29	7150.0
30	9716.5
31	13476.5
32	18169.5
33	24198.0
34	32387.5
35	43150.0
36	56910.0
37	73783.5
38	95251.0
39	122016.0
40	153705.5
41	189543.0
42	227381.0
43	266796.0
44	304971.0
45	335043.5
46	355411.0
47	365563.5
48	362447.5
49	345219.0
50	315440.0
51	277863.5
52	234856.5
53	191186.5
54	150323.5
55	113622.5
56	83565.0
57	59721.5
58	41623.5
59	28232.0
60	18900.0
61	12667.0
62	8689.0
63	6220.5
64	4782.5
65	3817.0
66	2913.0
67	2266.0
68	1853.5
69	1453.0
70	1116.5
71	882.0
72	663.5
73	495.0
74	369.5
75	294.5
76	245.0
77	207.0
78	181.0
79	148.5
80	118.0
81	99.0
82	88.0
83	85.5
84	74.5
85	53.5
86	43.5
87	39.0
88	34.5
89	27.0
90	19.0
91	18.5
92	15.5
93	12.0
94	10.0
95	6.0
96	4.5
97	2.5
98	0.5
99	0.0
100	0.0
>>END_MODULE
>>Per base N content	pass
#Base	N-Count
1	0.27016
2	0.26446
3	0.23984000000000003
4	0.25396
5	0.26034
6	0.2839
7	0.26345999999999997
8	0.26456
9	0.2789
10-11	0.28139
12-13	0.31046
14-15	0.28345000000000004
16-17	0.25637
18-19	0.20338
20-21	0.18008
22-23	0.18083000000000002
24-25	0.16944
26-27	0.19294
28-29	0.19356
30-31	0.16838
32-33	0.15686
34-35	0.14481
36-37	0.12946
38-39	0.14515
40-41	0.16253
42-43	0.21167
44-45	0.30633
46-47	0.27306
48-49	0.27041
50-51	0.27632999999999996
52-53	0.25932
54-55	0.2689
56-57	0.25013
58-59	0.30858
60-61	0.32331
62-63	0.29072
64-65	0.36972
66-67	0.33918
68-69	0.31315000000000004
70-71	0.23289
72-73	0.18771000000000002
74-75	0.16811
76-77	0.16682000000000002
78-79	0.15949
80-81	0.15112
82-83	0.16322
84-85	0.14514
86-87	0.16429000000000002
88-89	0.14597
90-91	0.14644000000000001
92-93	0.13048
94-95	0.18302
96-97	0.30099
98-99	0.33138999999999996
100-101	0.34914
>>END_MODULE
>>Sequence Length Distribution	pass
#Length	Count
101	5000000.0
>>END_MODULE
>>Sequence Duplication Levels	warn
#Total Deduplicated Percentage	69.33066595755903
#Duplication Level	Percentage of deduplicated	Percentage of total
1	70.24789557617393	48.70333382413203
2	20.2457708093112	28.07305546067309
3	6.524575564088851	13.570595068460895
4	1.994733909510745	5.531849214180211
5	0.630027317427753	2.184010674436028
6	0.19861677344326267	0.8262139903897817
7	0.0764471658534744	0.37100930434325424
8	0.027560062223632525	0.15286059742369668
9	0.018384712275624118	0.11471619109564178
>10	0.03593039416777008	0.3419682409856605
>50	0.0	0.0
>100	0.0	0.0
>500	2.885776186855255E-5	0.010243726583763978
>1k	0.0	0.0
>5k	2.885776186855255E-5	0.12014370729590369
>10k+	0.0	0.0
>>END_MODULE
>>Overrepresented sequences	warn
#Sequence	Count	Percentage	Possible Source
NNNNNNNNNNNNNNNNNNNNNNNNNNNNNNNNNNNNNNNNNNNNNNNNNN	6005	0.1201	No Hit
>>END_MODULE
>>Adapter Content	pass
#Position	Illumina Universal Adapter	Illumina Small RNA 3' Adapter	Illumina Small RNA 5' Adapter	Nextera Transposase Sequence	SOLID Small RNA Adapter
1	0.01694	0.0	0.0	0.0	0.0
2	0.01716	0.0	0.0	0.0	0.0
3	0.0176	0.0	0.0	0.0	0.0
4	0.01854	0.0	0.0	0.0	0.0
5	0.01944	0.0	0.0	0.0	0.0
6	0.02054	0.0	0.0	0.0	0.0
7	0.02104	0.0	0.0	0.0	0.0
8	0.02168	0.0	0.0	0.0	0.0
9	0.02268	0.0	0.0	0.0	0.0
10-11	0.02401	0.0	0.0	0.0	0.0
12-13	0.02543	0.0	0.0	0.0	0.0
14-15	0.027659999999999997	0.0	0.0	0.0	0.0
16-17	0.02966	0.0	0.0	0.0	0.0
18-19	0.03163	0.0	0.0	0.0	0.0
20-21	0.0339	0.0	0.0	0.0	1.0E-5
22-23	0.03573	0.0	0.0	0.0	2.0E-5
24-25	0.03757	0.0	0.0	0.0	2.0E-5
26-27	0.03952	0.0	0.0	0.0	2.0E-5
28-29	0.04123	0.0	0.0	0.0	2.0E-5
30-31	0.04265	0.0	0.0	0.0	2.0E-5
32-33	0.04395	0.0	0.0	0.0	2.0E-5
34-35	0.04516	0.0	0.0	0.0	2.0E-5
36-37	0.0461	0.0	0.0	0.0	2.0E-5
38-39	0.04711	0.0	0.0	1.0E-5	2.0E-5
40-41	0.04843	0.0	0.0	2.0E-5	2.0E-5
42-43	0.04933	0.0	0.0	2.0E-5	2.0E-5
44-45	0.05037	0.0	0.0	2.0E-5	2.0E-5
46-47	0.051449999999999996	0.0	0.0	2.0E-5	2.0E-5
48-49	0.05262	0.0	0.0	2.0E-5	2.0E-5
50-51	0.05368	0.0	0.0	2.0E-5	2.0E-5
52-53	0.05487	0.0	0.0	2.0E-5	2.0E-5
54-55	0.055900000000000005	0.0	0.0	2.0E-5	2.0E-5
56-57	0.05681	0.0	0.0	2.0E-5	2.0E-5
58-59	0.05791	0.0	0.0	2.0E-5	2.0E-5
60-61	0.058719999999999994	0.0	0.0	2.0E-5	2.0E-5
62-63	0.05996	0.0	0.0	2.0E-5	2.0E-5
64-65	0.06139	0.0	0.0	2.0E-5	2.0E-5
66-67	0.06277	0.0	0.0	2.0E-5	2.0E-5
68-69	0.06441	0.0	0.0	2.0E-5	2.0E-5
70-71	0.06567	0.0	0.0	2.0E-5	2.0E-5
72-73	0.06717000000000001	0.0	0.0	2.0E-5	2.0E-5
74-75	0.06892	0.0	0.0	2.0E-5	2.0E-5
76-77	0.07058	0.0	0.0	2.0E-5	2.0E-5
78-79	0.07234	0.0	0.0	2.0E-5	2.0E-5
80-81	0.0742	0.0	0.0	2.0E-5	2.0E-5
82-83	0.07614	0.0	0.0	2.0E-5	2.0E-5
84-85	0.07871	0.0	0.0	2.0E-5	2.0E-5
86-87	0.08116999999999999	0.0	0.0	2.0E-5	2.0E-5
88-89	0.08387	0.0	0.0	2.0E-5	2.0E-5
90	0.08604	0.0	0.0	2.0E-5	2.0E-5
>>END_MODULE
