##FastQC	0.11.9
>>Basic Statistics	pass
#Measure	Value
Filename	sub1.fastq
File type	Conventional base calls
Encoding	Sanger / Illumina 1.9
Total Sequences	5000000
Sequences flagged as poor quality	0
Sequence length	101
%GC	46
>>END_MODULE
>>Per base sequence quality	pass
#Base	Mean	Median	Lower Quartile	Upper Quartile	10th Percentile	90th Percentile
1	32.370813	34.0	31.0	34.0	31.0	34.0
2	32.6669054	34.0	31.0	34.0	31.0	34.0
3	32.67392	34.0	31.0	34.0	31.0	34.0
4	36.1519496	37.0	37.0	37.0	35.0	37.0
5	36.0926208	37.0	35.0	37.0	35.0	37.0
6	36.0663856	37.0	36.0	37.0	35.0	37.0
7	36.0874556	37.0	36.0	37.0	35.0	37.0
8	36.0462582	37.0	36.0	37.0	35.0	37.0
9	37.769981	39.0	38.0	39.0	35.0	39.0
10-11	37.7729024	39.0	38.0	39.0	35.0	39.0
12-13	37.716726	39.0	38.0	39.0	35.0	39.0
14-15	39.1438574	41.0	39.0	41.0	36.0	41.0
16-17	39.108417	40.5	39.0	41.0	36.0	41.0
18-19	39.0845575	40.0	39.0	41.0	36.0	41.0
20-21	39.029158699999996	40.0	39.0	41.0	36.0	41.0
22-23	38.9460826	40.0	38.5	41.0	35.5	41.0
24-25	38.808427800000004	40.0	38.0	41.0	35.0	41.0
26-27	38.566334600000005	40.0	38.0	41.0	34.5	41.0
28-29	38.4887945	40.0	38.0	41.0	34.0	41.0
30-31	38.5631142	40.0	38.0	41.0	34.5	41.0
32-33	38.6033262	40.0	38.0	41.0	34.5	41.0
34-35	38.5531578	40.0	38.0	41.0	34.5	41.0
36-37	38.5121349	40.0	38.0	41.0	34.0	41.0
38-39	38.409908900000005	40.0	38.0	41.0	34.0	41.0
40-41	38.3149403	40.0	38.0	41.0	34.0	41.0
42-43	38.112137000000004	40.0	38.0	41.0	33.0	41.0
44-45	37.8770219	40.0	37.5	41.0	33.0	41.0
46-47	37.6719394	40.0	37.0	41.0	33.0	41.0
48-49	37.4478213	40.0	37.0	41.0	32.5	41.0
50-51	37.078807	39.0	36.0	41.0	31.5	41.0
52-53	36.7472781	39.0	35.0	40.5	31.0	41.0
54-55	36.4191141	38.0	35.0	40.0	31.0	41.0
56-57	35.9975848	37.5	35.0	40.0	31.0	41.0
58-59	35.5647311	37.0	35.0	39.5	30.0	41.0
60-61	35.0792409	36.0	34.0	39.0	29.5	41.0
62-63	34.6200748	35.5	34.0	39.0	29.0	40.0
64-65	34.1974971	35.0	34.0	37.5	29.0	40.0
66-67	33.7072105	35.0	33.5	37.0	28.5	39.0
68-69	33.3432415	35.0	33.0	36.0	28.0	39.0
70-71	33.0410248	35.0	33.0	36.0	28.0	37.5
72-73	32.7548605	35.0	33.0	35.0	27.0	37.0
74-75	32.4742497	35.0	33.0	35.0	27.0	36.5
76-77	30.7245064	33.0	30.0	34.5	24.5	35.0
78-79	31.999166199999998	34.5	32.5	35.0	26.5	36.0
80-81	32.1138836	35.0	33.0	35.0	27.0	35.5
82-83	31.9893056	35.0	33.0	35.0	27.0	35.0
84-85	31.8223603	35.0	33.0	35.0	26.0	35.0
86-87	31.672524199999998	35.0	33.0	35.0	25.0	35.0
88-89	31.4339123	35.0	32.0	35.0	25.0	35.0
90-91	31.2722671	34.0	32.0	35.0	24.5	35.0
92-93	31.054634399999998	34.0	32.0	35.0	24.0	35.0
94-95	30.7848281	34.0	32.0	35.0	23.0	35.0
96-97	30.4709159	34.0	31.0	35.0	19.5	35.0
98-99	30.1426197	34.0	31.0	35.0	17.5	35.0
100-101	29.0048187	33.5	29.0	34.5	2.0	35.0
>>END_MODULE
>>Per tile sequence quality	pass
#Tile	Base	Mean
1101	1	0.2888501132889729
1101	2	0.3237886751985144
1101	3	0.39496488345788805
1101	4	0.24841688188686817
1101	5	0.2162187239264881
1101	6	0.2776127580688552
1101	7	0.24201111977910017
1101	8	0.2535773339002674
1101	9	0.3511766532659095
1101	10-11	0.3095446155140138
1101	12-13	0.33706013632677667
1101	14-15	0.44031600923442227
1101	16-17	0.40337811061594664
1101	18-19	0.36623977797792406
1101	20-21	0.374882372403853
1101	22-23	0.17823628385652768
1101	24-25	0.22123831774779745
1101	26-27	0.13977505640244203
1101	28-29	0.1622246295055021
1101	30-31	0.2509100682667196
1101	32-33	0.20081161882550447
1101	34-35	0.3247744900529099
1101	36-37	0.22773397785145733
1101	38-39	0.22478399075907163
1101	40-41	0.15137348873560796
1101	42-43	0.09455178564513744
1101	44-45	0.04563708746294992
1101	46-47	0.042557785968639905
1101	48-49	0.014662298316736155
1101	50-51	0.03706074167011053
1101	52-53	-0.045828127893237536
1101	54-55	-0.17031455577204468
1101	56-57	-0.1806020369009289
1101	58-59	-0.21171436396630128
1101	60-61	-0.2778814909329981
1101	62-63	-0.3721094548340247
1101	64-65	-0.4156273235372083
1101	66-67	-0.38688950291519575
1101	68-69	-0.41592581845346643
1101	70-71	-0.4989930854468838
1101	72-73	-0.6916058638203708
1101	74-75	-0.8493228983431784
1101	76-77	-0.7111483313894986
1101	78-79	-0.7579639253438799
1101	80-81	-0.7582665630257779
1101	82-83	-0.7949418339487373
1101	84-85	-0.9508088071819891
1101	86-87	-1.073316977881543
1101	88-89	-1.0503396642547962
1101	90-91	-1.0157839939471351
1101	92-93	-1.1323493751149805
1101	94-95	-1.3393523402982837
1101	96-97	-1.4719032914916426
1101	98-99	-1.6530502477739475
1101	100-101	-1.797329328977515
1102	1	0.30016982924071556
1102	2	0.29943074778520185
1102	3	0.36839465291164686
1102	4	0.2722462092139537
1102	5	0.22318001085369588
1102	6	0.24538277177729384
1102	7	0.22456302325056043
1102	8	0.23891396341907978
1102	9	0.31637849930424977
1102	10-11	0.29009051709816447
1102	12-13	0.31837515239946157
1102	14-15	0.34542409827423626
1102	16-17	0.31691400083069254
1102	18-19	0.31614847928329937
1102	20-21	0.3027717552707543
1102	22-23	0.2341345843622662
1102	24-25	0.30370901267970396
1102	26-27	0.2575242866404963
1102	28-29	0.306468490799638
1102	30-31	0.3499120732122236
1102	32-33	0.27286018201604634
1102	34-35	0.3117576447758452
1102	36-37	0.24511277910696094
1102	38-39	0.26813677992873863
1102	40-41	0.2570456620848134
1102	42-43	0.2771582052600934
1102	44-45	0.21885317121784453
1102	46-47	0.24429021209446944
1102	48-49	0.2209115937778776
1102	50-51	0.20175272307396597
1102	52-53	0.13419996915053645
1102	54-55	0.0461537563702521
1102	56-57	0.050913282891905
1102	58-59	0.07371048029227723
1102	60-61	0.09138306863939505
1102	62-63	0.11298608097603591
1102	64-65	0.022503941576729858
1102	66-67	0.006849305395569161
1102	68-69	-0.029118360557795597
1102	70-71	-0.11978638359382643
1102	72-73	-0.1697362620192635
1102	74-75	-0.21896934012717395
1102	76-77	-0.23602933843945095
1102	78-79	-0.33959396144216925
1102	80-81	-0.27409445871627014
1102	82-83	-0.3337383439068802
1102	84-85	-0.38239196716639157
1102	86-87	-0.422316631524442
1102	88-89	-0.4199026007196025
1102	90-91	-0.37184028154156934
1102	92-93	-0.5004981904878427
1102	94-95	-0.6654719794816977
1102	96-97	-0.8240271277161249
1102	98-99	-0.9796061558204343
1102	100-101	-1.0490894493587568
1103	1	0.3263913875780986
1103	2	0.32724735299160557
1103	3	0.38070420975937225
1103	4	0.2772583091418497
1103	5	0.22389026232618647
1103	6	0.24609249017497348
1103	7	0.26606185294464524
1103	8	0.31871905951854274
1103	9	0.38099405293029065
1103	10-11	0.310122152150889
1103	12-13	0.34854804618498036
1103	14-15	0.4381802197246003
1103	16-17	0.3930723212647109
1103	18-19	0.3774025501798164
1103	20-21	0.36072658808129887
1103	22-23	0.34598268771907215
1103	24-25	0.34910146975379774
1103	26-27	0.4181900159222991
1103	28-29	0.43845475713887794
1103	30-31	0.4905835425130576
1103	32-33	0.43898570703490236
1103	34-35	0.5248150163758609
1103	36-37	0.46658182645526836
1103	38-39	0.5028278014998193
1103	40-41	0.5704543778536362
1103	42-43	0.5124088302739978
1103	44-45	0.5249843442187228
1103	46-47	0.491756659821867
1103	48-49	0.5165331642301894
1103	50-51	0.5343555045756503
1103	52-53	0.46788163967557495
1103	54-55	0.37342007823978207
1103	56-57	0.4461522242114171
1103	58-59	0.4128380594115626
1103	60-61	0.46060686580395327
1103	62-63	0.41987355114614644
1103	64-65	0.37822283778201893
1103	66-67	0.4333416722647101
1103	68-69	0.4374101711944647
1103	70-71	0.3985029127556956
1103	72-73	0.47429686407634364
1103	74-75	0.40009918539964673
1103	76-77	0.31052549914048555
1103	78-79	0.3421842555892525
1103	80-81	0.4808894915978499
1103	82-83	0.3271817273345441
1103	84-85	0.28888168432948547
1103	86-87	0.36112008350929514
1103	88-89	0.4080090408466397
1103	90-91	0.46137633016617485
1103	92-93	0.49971530597421676
1103	94-95	0.3910672296502504
1103	96-97	0.3812546134184842
1103	98-99	0.37650129208760674
1103	100-101	0.3883649863436922
1104	1	0.198200951965255
1104	2	0.21309782617167627
1104	3	0.25382843290834955
1104	4	0.16945998871440793
1104	5	0.1563068396974998
1104	6	0.14651510220419794
1104	7	0.13395377617825233
1104	8	0.18663839119437142
1104	9	0.22162538732108317
1104	10-11	0.16735191327757803
1104	12-13	0.2079775226288021
1104	14-15	0.2116244659524824
1104	16-17	0.21040244997968927
1104	18-19	0.21327489986321524
1104	20-21	0.19803851033117326
1104	22-23	0.1209855902916459
1104	24-25	0.16280030186827332
1104	26-27	0.19029610277139142
1104	28-29	0.21422889658769861
1104	30-31	0.22092647657127884
1104	32-33	0.204963997031264
1104	34-35	0.27829993540498776
1104	36-37	0.23968197915708345
1104	38-39	0.2616088824074012
1104	40-41	0.23738694413827943
1104	42-43	0.268889046125679
1104	44-45	0.26484664299511707
1104	46-47	0.2737610094411451
1104	48-49	0.30855580686242234
1104	50-51	0.2332555205591973
1104	52-53	0.260492573442761
1104	54-55	0.20484239558678752
1104	56-57	0.28521041256842494
1104	58-59	0.21746143819220976
1104	60-61	0.3481278830492087
1104	62-63	0.33652242444207303
1104	64-65	0.2700526885145109
1104	66-67	0.3057776010305062
1104	68-69	0.3306264168465489
1104	70-71	0.369006745395545
1104	72-73	0.27686753690071697
1104	74-75	0.24374429218625693
1104	76-77	0.23111646555015852
1104	78-79	0.22323236281092562
1104	80-81	0.29046208957988284
1104	82-83	0.2587155704037549
1104	84-85	0.34886302570801675
1104	86-87	0.3534851882359398
1104	88-89	0.35728141500737465
1104	90-91	0.4147504377123177
1104	92-93	0.45335627749138396
1104	94-95	0.40041261564683595
1104	96-97	0.39627274684970715
1104	98-99	0.4649091300200112
1104	100-101	0.5025930209336771
1105	1	0.10043324385988228
1105	2	0.09393062162289567
1105	3	0.1449504802676671
1105	4	0.10044342377036486
1105	5	0.06273520415843592
1105	6	0.07055185680147247
1105	7	0.05719972040404997
1105	8	0.030537956438038805
1105	9	0.08408086733916775
1105	10-11	0.04906126223632867
1105	12-13	0.09664869356183914
1105	14-15	0.12584824614866363
1105	16-17	0.07585995171342574
1105	18-19	0.07021505552958729
1105	20-21	0.07975434251235214
1105	22-23	0.07218895741535647
1105	24-25	0.06901970417613512
1105	26-27	0.1160151234215192
1105	28-29	0.13351281929535475
1105	30-31	0.09064675583995552
1105	32-33	0.05899336638159269
1105	34-35	0.10577772917145012
1105	36-37	0.0980442531782586
1105	38-39	0.18905076903117646
1105	40-41	0.18099913382926758
1105	42-43	0.20600351431244235
1105	44-45	0.2092109914627116
1105	46-47	0.19364002394464563
1105	48-49	0.23271073330484882
1105	50-51	0.253504308005553
1105	52-53	0.18843795535062924
1105	54-55	0.1391676546740328
1105	56-57	0.15593822827243997
1105	58-59	0.19742685322379572
1105	60-61	0.25689771535889605
1105	62-63	0.2637824953072183
1105	64-65	0.3108273959723249
1105	66-67	0.32903193733425695
1105	68-69	0.254556924696935
1105	70-71	0.2702161493903006
1105	72-73	0.27940810770159175
1105	74-75	0.28365388835229766
1105	76-77	0.20936369226988205
1105	78-79	0.2622158113372066
1105	80-81	0.3352881098285181
1105	82-83	0.3307363111392938
1105	84-85	0.37486182259997136
1105	86-87	0.400987809385132
1105	88-89	0.4533793952089731
1105	90-91	0.5320127925696987
1105	92-93	0.4756103205972728
1105	94-95	0.5750912407572457
1105	96-97	0.5389743721490632
1105	98-99	0.5297469011932847
1105	100-101	0.4614364751888793
1106	1	-0.07366414045097969
1106	2	-0.05233783230239908
1106	3	0.04261573721618106
1106	4	0.00530827053091798
1106	5	-0.04255429163132618
1106	6	-0.034534423247478685
1106	7	-0.02906824321954815
1106	8	-0.04256936363082531
1106	9	-0.05970183505117177
1106	10-11	-0.028424078481521065
1106	12-13	-0.03712700553540316
1106	14-15	-0.05732258972670934
1106	16-17	-0.08907365484688512
1106	18-19	-0.06904574264009256
1106	20-21	-0.08556262701077344
1106	22-23	-0.12168670827386308
1106	24-25	-0.10993000606253389
1106	26-27	-0.11442504006677012
1106	28-29	-0.09211717915956541
1106	30-31	-0.05913108644055853
1106	32-33	-0.1391292029043001
1106	34-35	-0.017378931428233102
1106	36-37	-0.03834973428402577
1106	38-39	-0.03536060851231326
1106	40-41	-0.011258333434575718
1106	42-43	-0.029711579040551328
1106	44-45	0.030602957827312594
1106	46-47	-0.009959611762567988
1106	48-49	0.01798160880466071
1106	50-51	0.009775032121076777
1106	52-53	-0.028487940415686808
1106	54-55	-0.07702658482597968
1106	56-57	-0.010249562527995693
1106	58-59	-0.05162452665134509
1106	60-61	0.039064030516392734
1106	62-63	0.020775006128666007
1106	64-65	0.03889111168048487
1106	66-67	0.09797734300567384
1106	68-69	-0.0026814908711756402
1106	70-71	0.027743755706417517
1106	72-73	0.06551260323927721
1106	74-75	0.07626954986056234
1106	76-77	-0.03821784639098169
1106	78-79	-0.0826972155632788
1106	80-81	0.008760485763261272
1106	82-83	0.01100073943201707
1106	84-85	0.04344047709134102
1106	86-87	0.04481251194034641
1106	88-89	0.15207881906008325
1106	90-91	0.12095493252260425
1106	92-93	0.1250687511455162
1106	94-95	0.25704151165888334
1106	96-97	0.2313266583728364
1106	98-99	0.2811580512432137
1106	100-101	0.25153409000123617
1107	1	-0.18271544140360163
1107	2	-0.16623891357794918
1107	3	-0.08559523545417136
1107	4	-0.08986097362480194
1107	5	-0.1415469605160169
1107	6	-0.14716140248089005
1107	7	-0.14326842372219772
1107	8	-0.15174237265963342
1107	9	-0.14745191683955028
1107	10-11	-0.1877866227047562
1107	12-13	-0.19091837715406257
1107	14-15	-0.23613028608016862
1107	16-17	-0.29328071152987434
1107	18-19	-0.20412801633883504
1107	20-21	-0.24018526101537674
1107	22-23	-0.3062609415122992
1107	24-25	-0.2888108919639123
1107	26-27	-0.28750872702034513
1107	28-29	-0.33704883556263354
1107	30-31	-0.27994739070835806
1107	32-33	-0.30847576909090435
1107	34-35	-0.21222763212812623
1107	36-37	-0.232843093380815
1107	38-39	-0.2649855854059666
1107	40-41	-0.24381332846578374
1107	42-43	-0.16771538185005852
1107	44-45	-0.22413274562217111
1107	46-47	-0.19568119496153713
1107	48-49	-0.23399732951496333
1107	50-51	-0.1635628040793904
1107	52-53	-0.1788087961194762
1107	54-55	-0.23559151738508888
1107	56-57	-0.17895949288037372
1107	58-59	-0.16548542744839523
1107	60-61	-0.12883527326537347
1107	62-63	-0.11600935175585647
1107	64-65	-0.13367920532351718
1107	66-67	-0.09665193659615312
1107	68-69	-0.050918683722805724
1107	70-71	0.0020944151548860646
1107	72-73	-0.027617452466863313
1107	74-75	-0.02934637851286226
1107	76-77	-0.1565077819710048
1107	78-79	-0.03556362707693239
1107	80-81	0.05492127089544141
1107	82-83	-0.003000150014859315
1107	84-85	0.011417068074958792
1107	86-87	0.012309146936789972
1107	88-89	0.09480587040012622
1107	90-91	0.12498655114847068
1107	92-93	0.1254029285136653
1107	94-95	0.17029798688539088
1107	96-97	0.2466252228667365
1107	98-99	0.3251479685028613
1107	100-101	0.09289415960109793
1108	1	-0.6097237798646162
1108	2	-0.4306208396356226
1108	3	-0.27453041721824434
1108	4	-0.20637819476753094
1108	5	-0.23715900456997474
1108	6	-0.28729640434060144
1108	7	-0.3869171951475039
1108	8	-0.3050551818430165
1108	9	-0.47014794923607894
1108	10-11	-0.46772954273582457
1108	12-13	-0.3849691212659252
1108	14-15	-0.5796501925834363
1108	16-17	-0.6128434461633532
1108	18-19	-0.5571775509089818
1108	20-21	-0.6883779380637733
1108	22-23	-0.6645238795676462
1108	24-25	-0.769411472255733
1108	26-27	-0.6661162756190535
1108	28-29	-0.9294959285933757
1108	30-31	-0.9102076843511213
1108	32-33	-0.85880083102181
1108	34-35	-0.8198662996892025
1108	36-37	-0.9816540352654286
1108	38-39	-0.8430781653330754
1108	40-41	-0.996253238424373
1108	42-43	-0.8561020288972543
1108	44-45	-0.7582899401992336
1108	46-47	-0.899143107794842
1108	48-49	-0.9523803891926761
1108	50-51	-0.8613215340331593
1108	52-53	-0.9534340293395118
1108	54-55	-0.8694457188534628
1108	56-57	-0.7301136868975959
1108	58-59	-0.7753719636515015
1108	60-61	-0.806360688692294
1108	62-63	-0.7707641310391722
1108	64-65	-0.666600083044699
1108	66-67	-0.7688285920693616
1108	68-69	-0.8142985930742341
1108	70-71	-0.7468172876848698
1108	72-73	-0.5320778795071561
1108	74-75	-0.536950904398303
1108	76-77	-0.8272509351362238
1108	78-79	-0.6796135628704292
1108	80-81	-0.5229099709210558
1108	82-83	-0.4851933963347612
1108	84-85	-0.5049136039572168
1108	86-87	-0.5452321596061971
1108	88-89	-0.366284763383522
1108	90-91	-0.4174684096853305
1108	92-93	-0.40847671671444274
1108	94-95	-0.5239581348346114
1108	96-97	-0.6468127434868123
1108	98-99	-0.5811202667364768
1108	100-101	-0.9673516513610672
1201	1	0.4125057402654235
1201	2	0.4369117247551557
1201	3	0.4956977518057215
1201	4	0.34180105331762434
1201	5	0.3244035268307712
1201	6	0.3211809837823978
1201	7	0.3167946031042348
1201	8	0.3579930712795658
1201	9	0.4283808511738485
1201	10-11	0.4718718732825451
1201	12-13	0.46800152687238494
1201	14-15	0.5634484334028116
1201	16-17	0.5353129999644182
1201	18-19	0.47797867037081687
1201	20-21	0.46749297488960195
1201	22-23	0.4432677535027736
1201	24-25	0.42616447707576555
1201	26-27	0.4079280280315132
1201	28-29	0.4541881440159372
1201	30-31	0.5217998677340461
1201	32-33	0.49810397890333036
1201	34-35	0.4968334310170306
1201	36-37	0.41321097834823206
1201	38-39	0.4063722017736353
1201	40-41	0.42866636004781355
1201	42-43	0.3190615505189385
1201	44-45	0.42361051476829203
1201	46-47	0.33247656113034907
1201	48-49	0.37828450483204534
1201	50-51	0.29029426937158576
1201	52-53	0.23186792504051823
1201	54-55	0.206778557643311
1201	56-57	0.13762015942932493
1201	58-59	0.11990298542612976
1201	60-61	0.07441952941551477
1201	62-63	0.0847832824475816
1201	64-65	0.018326049906228548
1201	66-67	0.06503576016739743
1201	68-69	-0.008589367383052604
1201	70-71	-0.06433611083284774
1201	72-73	-0.2333912290032103
1201	74-75	-0.34201177120810655
1201	76-77	-0.35797664719521904
1201	78-79	-0.4133501857020718
1201	80-81	-0.45296450772488583
1201	82-83	-0.5228995972706052
1201	84-85	-0.5809703473369723
1201	86-87	-0.6014426559358519
1201	88-89	-0.663759209933886
1201	90-91	-0.7872434036220248
1201	92-93	-0.989170301800602
1201	94-95	-0.9873691769503807
1201	96-97	-1.135619620614822
1201	98-99	-1.1248026660809742
1201	100-101	-1.2231205682036972
1202	1	0.430807257504604
1202	2	0.41587419657886215
1202	3	0.462588303397375
1202	4	0.2970795757293416
1202	5	0.30074689822357925
1202	6	0.31805596746275455
1202	7	0.29088601455912766
1202	8	0.35729780627188745
1202	9	0.48262060580334065
1202	10-11	0.4334043656628168
1202	12-13	0.45180140967327986
1202	14-15	0.5388789422211886
1202	16-17	0.4855016344546499
1202	18-19	0.44773946628028227
1202	20-21	0.47831448043086056
1202	22-23	0.46492151150146555
1202	24-25	0.4622875765413639
1202	26-27	0.5012972151111299
1202	28-29	0.5248205601783127
1202	30-31	0.5280127946525397
1202	32-33	0.49365727742325305
1202	34-35	0.488496318397317
1202	36-37	0.4544310570508401
1202	38-39	0.4812970626890234
1202	40-41	0.42515584277482077
1202	42-43	0.393140957586013
1202	44-45	0.42341507069114925
1202	46-47	0.42603965995827053
1202	48-49	0.4802672558941552
1202	50-51	0.44502981140233544
1202	52-53	0.4815704471026194
1202	54-55	0.4089363308932761
1202	56-57	0.40487311709883755
1202	58-59	0.37714455851079975
1202	60-61	0.37029463760617887
1202	62-63	0.3283984186132116
1202	64-65	0.2746429553001093
1202	66-67	0.36156301514389355
1202	68-69	0.2948975740143709
1202	70-71	0.26991040803211774
1202	72-73	0.21856622145446636
1202	74-75	0.16493330655311667
1202	76-77	0.2395343216681347
1202	78-79	0.14553879892874022
1202	80-81	0.1536216202876588
1202	82-83	0.047669787266425345
1202	84-85	0.10204243379726918
1202	86-87	0.11317462741414985
1202	88-89	0.11377706915390817
1202	90-91	-0.001765524541053054
1202	92-93	-0.1603497731018031
1202	94-95	-0.09221088944261169
1202	96-97	-0.03768161987655816
1202	98-99	-0.05838397557209518
1202	100-101	-0.05976773787551437
1203	1	0.4124610882406543
1203	2	0.4000601186182209
1203	3	0.4200040613644518
1203	4	0.293075756196707
1203	5	0.268460896840395
1203	6	0.3101550983082504
1203	7	0.268710188152987
1203	8	0.3099472011442259
1203	9	0.3747820707834606
1203	10-11	0.382821494986068
1203	12-13	0.3769490111916056
1203	14-15	0.47544443512420287
1203	16-17	0.5126944869739987
1203	18-19	0.5262189926482321
1203	20-21	0.5145225430106919
1203	22-23	0.48280667033792923
1203	24-25	0.47361819779213477
1203	26-27	0.5200490748543061
1203	28-29	0.5939966733021933
1203	30-31	0.6123161218969244
1203	32-33	0.6027861399752723
1203	34-35	0.597905149011666
1203	36-37	0.5607957333946771
1203	38-39	0.5965543083317968
1203	40-41	0.5816322809201822
1203	42-43	0.4613105551653405
1203	44-45	0.5695413751955982
1203	46-47	0.5492113197057833
1203	48-49	0.5838173515179861
1203	50-51	0.602009686485971
1203	52-53	0.512085884384696
1203	54-55	0.4943240294567701
1203	56-57	0.5199010367659653
1203	58-59	0.5084543422987338
1203	60-61	0.4882618375351697
1203	62-63	0.5048243728591828
1203	64-65	0.45540101332716887
1203	66-67	0.5937370462414862
1203	68-69	0.5423255514941232
1203	70-71	0.4550544369150842
1203	72-73	0.4324543026123209
1203	74-75	0.4847396149374532
1203	76-77	0.4860911744695606
1203	78-79	0.45579729860326523
1203	80-81	0.4704881597755559
1203	82-83	0.4330284101185562
1203	84-85	0.48170419651872365
1203	86-87	0.5576398428092197
1203	88-89	0.5188601039336902
1203	90-91	0.47426072141585607
1203	92-93	0.4714292692651334
1203	94-95	0.5395521908617553
1203	96-97	0.5669583849248312
1203	98-99	0.7996960621968796
1203	100-101	0.8578990247633236
1204	1	0.30199493239740605
1204	2	0.3177839266754603
1204	3	0.348436374863752
1204	4	0.23102159119546428
1204	5	0.19411837712531366
1204	6	0.2227460335039524
1204	7	0.2305728055947185
1204	8	0.21995644939892856
1204	9	0.28689327672141474
1204	10-11	0.2754366558187016
1204	12-13	0.29905650072408463
1204	14-15	0.3762697455477735
1204	16-17	0.3297743655440257
1204	18-19	0.3430130478819393
1204	20-21	0.3623667176478449
1204	22-23	0.3392995647108563
1204	24-25	0.343643318777886
1204	26-27	0.3709844991411657
1204	28-29	0.39531155848271027
1204	30-31	0.390570434318235
1204	32-33	0.4144985467970983
1204	34-35	0.4200865304314263
1204	36-37	0.41406927958684037
1204	38-39	0.4108847155737081
1204	40-41	0.4369499997490891
1204	42-43	0.4464564546098728
1204	44-45	0.48764527776202726
1204	46-47	0.44828445009192563
1204	48-49	0.5114298493813365
1204	50-51	0.517271400376984
1204	52-53	0.48770382901668796
1204	54-55	0.4988405169790582
1204	56-57	0.5241036918072837
1204	58-59	0.5103875372602502
1204	60-61	0.5605180586758038
1204	62-63	0.46294291522485764
1204	64-65	0.46173579328745973
1204	66-67	0.6402241176818606
1204	68-69	0.6727070839250189
1204	70-71	0.5877439930744757
1204	72-73	0.5290779501409588
1204	74-75	0.6193182949612535
1204	76-77	0.6334421855881764
1204	78-79	0.5941414331920001
1204	80-81	0.6616289622808864
1204	82-83	0.6604344310361121
1204	84-85	0.6590357138021155
1204	86-87	0.6601076469966678
1204	88-89	0.736093297897316
1204	90-91	0.7492073132657815
1204	92-93	0.6961716533300937
1204	94-95	0.8119474183889537
1204	96-97	0.8458952526350814
1204	98-99	1.0499398948358731
1204	100-101	1.1070641168771544
1205	1	0.2421740511603474
1205	2	0.2434963102082932
1205	3	0.3040815489034898
1205	4	0.1828666769037426
1205	5	0.1783311910176124
1205	6	0.16182169340452646
1205	7	0.1408985080068348
1205	8	0.17103014825465124
1205	9	0.2218218056632324
1205	10-11	0.21383977060941817
1205	12-13	0.24838673477007234
1205	14-15	0.27463215568261035
1205	16-17	0.2750674491688798
1205	18-19	0.281108609507406
1205	20-21	0.2564116855654177
1205	22-23	0.2581304190590288
1205	24-25	0.31900807358326944
1205	26-27	0.3449417170686999
1205	28-29	0.3391680363971048
1205	30-31	0.358806244698485
1205	32-33	0.3547956182165706
1205	34-35	0.3872289362661476
1205	36-37	0.36423393035173746
1205	38-39	0.38560570008778683
1205	40-41	0.37733376675669916
1205	42-43	0.3543661326426957
1205	44-45	0.4614318855970936
1205	46-47	0.4411114854963074
1205	48-49	0.4738740985318941
1205	50-51	0.4442249618492937
1205	52-53	0.5467088694394775
1205	54-55	0.5252177858325311
1205	56-57	0.5126022570572317
1205	58-59	0.5207864674886551
1205	60-61	0.5494810601008808
1205	62-63	0.5868173522891524
1205	64-65	0.6141320763096729
1205	66-67	0.747090294512752
1205	68-69	0.6930072219593129
1205	70-71	0.7102818711466767
1205	72-73	0.6223066077857453
1205	74-75	0.6875777459997963
1205	76-77	0.65234378550279
1205	78-79	0.6694312953867438
1205	80-81	0.6643328746228221
1205	82-83	0.7082497687296758
1205	84-85	0.7695488795781493
1205	86-87	0.8030845052175799
1205	88-89	0.85065272853031
1205	90-91	0.8790750967822838
1205	92-93	0.7950276870422641
1205	94-95	0.9004656671571603
1205	96-97	0.9110451965275601
1205	98-99	1.155759502114833
1205	100-101	1.2018225103905031
1206	1	0.11295993792412418
1206	2	0.13691757743391264
1206	3	0.23383033687876775
1206	4	0.1409020575898552
1206	5	0.07953508219642202
1206	6	0.10904530820813108
1206	7	0.07802836764374632
1206	8	0.06888874570867642
1206	9	0.09902956793403916
1206	10-11	0.11947249839938934
1206	12-13	0.13207453564738358
1206	14-15	0.14074456863245643
1206	16-17	0.13355737285651514
1206	18-19	0.11813797024701245
1206	20-21	0.14275571520867203
1206	22-23	0.13504487775900742
1206	24-25	0.12049270180936134
1206	26-27	0.10058997692058114
1206	28-29	0.15212285448844654
1206	30-31	0.14307652286581174
1206	32-33	0.20715448189445596
1206	34-35	0.21195888216561798
1206	36-37	0.19776476620357641
1206	38-39	0.16821256529945572
1206	40-41	0.21629199336860694
1206	42-43	0.26473068132332855
1206	44-45	0.2946288990748158
1206	46-47	0.2617864453559733
1206	48-49	0.2780386316462895
1206	50-51	0.2996885689728046
1206	52-53	0.32416496685616636
1206	54-55	0.2606528792828229
1206	56-57	0.29840000211968487
1206	58-59	0.2482631029011415
1206	60-61	0.2917650709623345
1206	62-63	0.3133154388905055
1206	64-65	0.27102513600023315
1206	66-67	0.41021429196804604
1206	68-69	0.40501570565931644
1206	70-71	0.39696473610658956
1206	72-73	0.3864605222578277
1206	74-75	0.4400803887894611
1206	76-77	0.45202219936922106
1206	78-79	0.43092055756220304
1206	80-81	0.44109823376361845
1206	82-83	0.502099300870217
1206	84-85	0.5567597102393798
1206	86-87	0.5855265837416006
1206	88-89	0.6219962249899247
1206	90-91	0.6954248342765119
1206	92-93	0.6422520298702032
1206	94-95	0.799617278759488
1206	96-97	0.7871913354894815
1206	98-99	0.8676020076553534
1206	100-101	0.9466900570946244
1207	1	-0.01383516660267503
1207	2	-0.01988213838321684
1207	3	0.06927363605431225
1207	4	0.048736658538885536
1207	5	-0.009692026637679874
1207	6	-0.015554243177696492
1207	7	-0.05103330265028205
1207	8	-0.0037504344887295815
1207	9	0.016036119666253512
1207	10-11	0.009385932881293968
1207	12-13	0.019680134625410517
1207	14-15	0.02298369940071865
1207	16-17	0.005710658239152622
1207	18-19	0.033477474380340766
1207	20-21	0.016998444496273635
1207	22-23	-0.07653273545265193
1207	24-25	-0.04150636263296548
1207	26-27	-0.05127474743795801
1207	28-29	0.005964100621447699
1207	30-31	0.011053130473129613
1207	32-33	-0.050285729520048505
1207	34-35	0.033685970061512194
1207	36-37	-0.014685393084761245
1207	38-39	-0.042088849459105404
1207	40-41	0.0446351369049367
1207	42-43	0.1009721023807657
1207	44-45	0.12277265494593337
1207	46-47	0.13093711315160306
1207	48-49	0.10954131704315984
1207	50-51	0.09209695600754486
1207	52-53	0.12872678708193774
1207	54-55	0.11472573782766204
1207	56-57	0.15802596452179074
1207	58-59	0.19789983427781266
1207	60-61	0.2247375428110061
1207	62-63	0.23673484126548772
1207	64-65	0.27530425537842973
1207	66-67	0.3303958518633934
1207	68-69	0.29125415203384364
1207	70-71	0.3947769633903917
1207	72-73	0.3783367384810319
1207	74-75	0.41717852136066114
1207	76-77	0.33386086872008747
1207	78-79	0.46218830013147993
1207	80-81	0.409020030937576
1207	82-83	0.49337593589379125
1207	84-85	0.526573391560472
1207	86-87	0.5394515149415646
1207	88-89	0.6034485235681011
1207	90-91	0.6651071741486128
1207	92-93	0.6062409149011394
1207	94-95	0.6634847229811882
1207	96-97	0.6332435452045715
1207	98-99	0.7205689822301302
1207	100-101	0.7042996966146653
1208	1	-0.4273745179920745
1208	2	-0.3607041019584898
1208	3	-0.20894579708751593
1208	4	-0.10425925730537244
1208	5	-0.4641663104882596
1208	6	-0.4774727597402446
1208	7	-0.6336107024280864
1208	8	-0.6749801247038292
1208	9	-0.7980841699876962
1208	10-11	-0.8415478036146951
1208	12-13	-0.3676321973748813
1208	14-15	-0.827480584443677
1208	16-17	-0.4506160918787572
1208	18-19	-0.4081886001994306
1208	20-21	-0.32975783673325054
1208	22-23	-0.2763621029829082
1208	24-25	-0.3160771061030019
1208	26-27	-0.33693854989953564
1208	28-29	-0.38963752703586607
1208	30-31	-0.512140042122887
1208	32-33	-0.4956054871456317
1208	34-35	-0.4749791767500824
1208	36-37	-0.4507216164075487
1208	38-39	-0.5149652264458027
1208	40-41	-0.49581464379427587
1208	42-43	-0.4938559455901981
1208	44-45	-0.5390354588000861
1208	46-47	-0.5054942352461751
1208	48-49	-0.45903101311910177
1208	50-51	-0.3416397412881622
1208	52-53	-0.45558498512840373
1208	54-55	-0.39720279639942646
1208	56-57	-0.4114977094419032
1208	58-59	-0.3829503721660288
1208	60-61	-0.3187084887810272
1208	62-63	-0.3984785157202637
1208	64-65	-0.37897711814871116
1208	66-67	-0.2978151087198313
1208	68-69	-0.30577669286790155
1208	70-71	-0.1995675649221269
1208	72-73	-0.17714592364001902
1208	74-75	-0.13757520162207726
1208	76-77	-0.33038883955398646
1208	78-79	-0.17111841841047948
1208	80-81	-0.15377002962956254
1208	82-83	-0.07744423222380092
1208	84-85	-0.039476357227155034
1208	86-87	-0.04105394378327176
1208	88-89	0.007280464673986131
1208	90-91	0.06417932616713884
1208	92-93	-0.11513872967905314
1208	94-95	-0.11771589824774509
1208	96-97	-0.06562553430931217
1208	98-99	0.08504008642668026
1208	100-101	-0.21527725150904686
1301	1	0.4285486223707906
1301	2	0.41498955956713957
1301	3	0.4102388774480019
1301	4	0.26617603546738877
1301	5	0.2536480529752012
1301	6	0.3040777328327664
1301	7	0.2285962694723196
1301	8	0.31467243433127123
1301	9	0.4301752216642285
1301	10-11	0.38627071632770793
1301	12-13	0.3762675485938516
1301	14-15	0.5345610417699618
1301	16-17	0.45583064378538296
1301	18-19	0.4086275880624086
1301	20-21	0.4276739697772953
1301	22-23	0.40033385000049293
1301	24-25	0.3807795740901696
1301	26-27	0.4435254202096033
1301	28-29	0.5047219633949354
1301	30-31	0.45464365027015674
1301	32-33	0.39284069118870235
1301	34-35	0.3937117819928915
1301	36-37	0.44238241589577854
1301	38-39	0.3950377571820596
1301	40-41	0.4320839984163385
1301	42-43	0.3666632579101048
1301	44-45	0.3610812079285992
1301	46-47	0.34730926224082026
1301	48-49	0.37639082212742636
1301	50-51	0.33545510323069294
1301	52-53	0.2702202250594752
1301	54-55	0.1266017948839675
1301	56-57	0.14121227572717032
1301	58-59	0.21451481097935954
1301	60-61	0.1972615983291064
1301	62-63	0.13698256116828134
1301	64-65	0.10442649414988381
1301	66-67	0.1139328103999091
1301	68-69	0.11859894155712425
1301	70-71	-0.009378289314419419
1301	72-73	-0.019507381453301775
1301	74-75	-0.11337207592134746
1301	76-77	-0.10386823720324045
1301	78-79	-0.1701119843825829
1301	80-81	-0.24615844046260094
1301	82-83	-0.2784099322318774
1301	84-85	-0.20867118519452887
1301	86-87	-0.2768214054587652
1301	88-89	-0.33658427244216327
1301	90-91	-0.3891546120115059
1301	92-93	-0.42916508304110934
1301	94-95	-0.39709606187023994
1301	96-97	-0.6539636900528834
1301	98-99	-0.7520443309950693
1301	100-101	-0.7046513523937143
1302	1	0.4471042734581232
1302	2	0.429572233511081
1302	3	0.43444458396401586
1302	4	0.31580557085802496
1302	5	0.27937263351868324
1302	6	0.3319527622185632
1302	7	0.26600399400705754
1302	8	0.3150185699472132
1302	9	0.40391170367431783
1302	10-11	0.39408108453517343
1302	12-13	0.3868326424447801
1302	14-15	0.5118040609501975
1302	16-17	0.5019854968630284
1302	18-19	0.4845163367325327
1302	20-21	0.5451801238528233
1302	22-23	0.4810946145869295
1302	24-25	0.4622012593173892
1302	26-27	0.5407650406364652
1302	28-29	0.5798490304523085
1302	30-31	0.5789333146284434
1302	32-33	0.5493759082338059
1302	34-35	0.5696468222890374
1302	36-37	0.5534026012733335
1302	38-39	0.5345935482093722
1302	40-41	0.57972314393772
1302	42-43	0.5726088513883525
1302	44-45	0.6350645884501702
1302	46-47	0.5957610608361605
1302	48-49	0.6119124328684009
1302	50-51	0.6100790923094195
1302	52-53	0.5996075717837996
1302	54-55	0.5026270569910238
1302	56-57	0.5267391283755316
1302	58-59	0.5042988340638246
1302	60-61	0.5575774715847572
1302	62-63	0.5907447440215137
1302	64-65	0.5998926747335673
1302	66-67	0.6600226500509123
1302	68-69	0.5374929637927011
1302	70-71	0.49993091141868007
1302	72-73	0.486454722434317
1302	74-75	0.484357439001009
1302	76-77	0.6211834752831322
1302	78-79	0.4928749604638156
1302	80-81	0.4513154951922118
1302	82-83	0.4267406181278126
1302	84-85	0.4055475476212216
1302	86-87	0.33512730595814233
1302	88-89	0.38020799214571
1302	90-91	0.4356070343272087
1302	92-93	0.39859524303061633
1302	94-95	0.4652467888334719
1302	96-97	0.42979678739706273
1302	98-99	0.4002559672770829
1302	100-101	0.6469696699523837
1303	1	0.34418426143678005
1303	2	0.30954377546085254
1303	3	0.3566678862240451
1303	4	0.24190335171410027
1303	5	0.2133649496135206
1303	6	0.20377016250412794
1303	7	0.18482979778905673
1303	8	0.20192421575517727
1303	9	0.29567538528601034
1303	10-11	0.27907740778977796
1303	12-13	0.2893657901448137
1303	14-15	0.39042234466279524
1303	16-17	0.3914564349301344
1303	18-19	0.3781675376815983
1303	20-21	0.4057156228716181
1303	22-23	0.3626612652868957
1303	24-25	0.3237879503573424
1303	26-27	0.37455192740924304
1303	28-29	0.4889136689669087
1303	30-31	0.4380357332743472
1303	32-33	0.4034519334651847
1303	34-35	0.45102517403538656
1303	36-37	0.4137517597112037
1303	38-39	0.39638247954594874
1303	40-41	0.47029639606795115
1303	42-43	0.4353268631130689
1303	44-45	0.5116357369361921
1303	46-47	0.47421062364563227
1303	48-49	0.47508190910168224
1303	50-51	0.45536033824225086
1303	52-53	0.4720409342077687
1303	54-55	0.43314920478977825
1303	56-57	0.4573146631168541
1303	58-59	0.5116275812402478
1303	60-61	0.5546895303287656
1303	62-63	0.5888732946931157
1303	64-65	0.5310522983881469
1303	66-67	0.5282434733403534
1303	68-69	0.5271471646735577
1303	70-71	0.5049774732337298
1303	72-73	0.5263120514074089
1303	74-75	0.5231457859818676
1303	76-77	0.6164605728717163
1303	78-79	0.6162448791508197
1303	80-81	0.5378432749756641
1303	82-83	0.5658879876143637
1303	84-85	0.6266191530381668
1303	86-87	0.5278397618079147
1303	88-89	0.5826960371034993
1303	90-91	0.6163035567659136
1303	92-93	0.69652363325417
1303	94-95	0.7058391240284045
1303	96-97	0.6320506109806736
1303	98-99	0.5788845730328873
1303	100-101	0.8737768324331512
1304	1	0.27797919877633603
1304	2	0.2604584085064303
1304	3	0.3017018972505525
1304	4	0.19008798609556266
1304	5	0.14376555401329227
1304	6	0.18201095840547765
1304	7	0.16328225997796864
1304	8	0.22347085093817753
1304	9	0.31463960149793735
1304	10-11	0.2675208346714868
1304	12-13	0.25734754081005207
1304	14-15	0.34466654708256783
1304	16-17	0.34662628245820315
1304	18-19	0.33688087744164363
1304	20-21	0.360349760627102
1304	22-23	0.3198340445510013
1304	24-25	0.3103518798945828
1304	26-27	0.39430075309009993
1304	28-29	0.4057807190699876
1304	30-31	0.3691773953376156
1304	32-33	0.3682600437591148
1304	34-35	0.43738984842132567
1304	36-37	0.42570616616102086
1304	38-39	0.41996047924988034
1304	40-41	0.39950643401443386
1304	42-43	0.40842109929111814
1304	44-45	0.45599187426563503
1304	46-47	0.4614934964581181
1304	48-49	0.4930735435445186
1304	50-51	0.5125774816770701
1304	52-53	0.48425439491997935
1304	54-55	0.4540969462337685
1304	56-57	0.5362560338117746
1304	58-59	0.5542670553330211
1304	60-61	0.5363966437602272
1304	62-63	0.5615496140645959
1304	64-65	0.5601972568492073
1304	66-67	0.6724263512075552
1304	68-69	0.5958924484417807
1304	70-71	0.5713702825373019
1304	72-73	0.6414528704160389
1304	74-75	0.5725335333470909
1304	76-77	0.6989079767327979
1304	78-79	0.6829847489557395
1304	80-81	0.6478707058433812
1304	82-83	0.625996474484726
1304	84-85	0.7378759633671201
1304	86-87	0.6621733875927482
1304	88-89	0.7305833006600686
1304	90-91	0.6986920641439944
1304	92-93	0.8292932302126736
1304	94-95	0.8870265944673328
1304	96-97	0.9323723527640482
1304	98-99	0.9107924309520072
1304	100-101	1.159137513592416
1305	1	0.18535083998965263
1305	2	0.19352701004923034
1305	3	0.24286838208766426
1305	4	0.1559359792626509
1305	5	0.14401412689382198
1305	6	0.16140924029738102
1305	7	0.12402968595505115
1305	8	0.15069500669088853
1305	9	0.1960642597715605
1305	10-11	0.18776833363687473
1305	12-13	0.1994031002501373
1305	14-15	0.21064748603679107
1305	16-17	0.2082748576136879
1305	18-19	0.21505922853918236
1305	20-21	0.21161449364432627
1305	22-23	0.1817603265776171
1305	24-25	0.20708229619338425
1305	26-27	0.23810942880776054
1305	28-29	0.3244207187398942
1305	30-31	0.3007003341314771
1305	32-33	0.25174854556274795
1305	34-35	0.29553356268898057
1305	36-37	0.22365734127286885
1305	38-39	0.2868062237747253
1305	40-41	0.31334813513169735
1305	42-43	0.2750923604856865
1305	44-45	0.32384697913740723
1305	46-47	0.35446461037129495
1305	48-49	0.3749253702429485
1305	50-51	0.3593557334792834
1305	52-53	0.3027733449499195
1305	54-55	0.24848287364090282
1305	56-57	0.30245060158546977
1305	58-59	0.2746488410855008
1305	60-61	0.3917292903677634
1305	62-63	0.3959278958204564
1305	64-65	0.42936640227482314
1305	66-67	0.4439181754570498
1305	68-69	0.3869511347257415
1305	70-71	0.4227349075050597
1305	72-73	0.4037239399786401
1305	74-75	0.3321590135282335
1305	76-77	0.3565788198476234
1305	78-79	0.45935283654707604
1305	80-81	0.41836292754184257
1305	82-83	0.5028283055078084
1305	84-85	0.5176207919862073
1305	86-87	0.5436434056775603
1305	88-89	0.620770013575342
1305	90-91	0.6459584120485609
1305	92-93	0.690478951289812
1305	94-95	0.8114185360222628
1305	96-97	0.764193199854482
1305	98-99	0.7559799668676632
1305	100-101	0.8960553481557305
1306	1	0.03608324078499692
1306	2	0.08673843746902321
1306	3	0.13113959814876353
1306	4	0.09075885025376351
1306	5	0.056938074488343204
1306	6	0.07861435500887382
1306	7	0.027978790471820503
1306	8	0.09178026134893003
1306	9	0.09894273006335652
1306	10-11	0.056012149615860096
1306	12-13	0.10088788025203144
1306	14-15	0.10110533928886412
1306	16-17	0.053036179069287925
1306	18-19	0.027545776377777997
1306	20-21	0.06059921311202032
1306	22-23	0.014315606208420206
1306	24-25	0.02342265164642754
1306	26-27	0.05468514018834725
1306	28-29	0.06952432767202055
1306	30-31	0.05735037486677186
1306	32-33	0.052999980920809264
1306	34-35	0.10833632618599154
1306	36-37	0.09614501692773558
1306	38-39	0.14193069730802677
1306	40-41	0.17284213954089722
1306	42-43	0.1934610717379499
1306	44-45	0.17297471755250626
1306	46-47	0.24365557183926967
1306	48-49	0.2092583770915013
1306	50-51	0.2130555307020714
1306	52-53	0.22427337990915674
1306	54-55	0.20130639351773283
1306	56-57	0.14582393734391275
1306	58-59	0.20915346301376303
1306	60-61	0.27989408025319307
1306	62-63	0.2595221581623264
1306	64-65	0.23830380008242713
1306	66-67	0.2865189153746357
1306	68-69	0.25474316057117363
1306	70-71	0.22049004007732975
1306	72-73	0.23022239696499724
1306	74-75	0.18983649863813667
1306	76-77	0.16730334192399
1306	78-79	0.2567617543646392
1306	80-81	0.3143173367087897
1306	82-83	0.30474346023618537
1306	84-85	0.31607384596142296
1306	86-87	0.3519979693696378
1306	88-89	0.3696400958271475
1306	90-91	0.36556834484293077
1306	92-93	0.40392593729694326
1306	94-95	0.4794433679571348
1306	96-97	0.4529521207357732
1306	98-99	0.4906056257055873
1306	100-101	0.5709396955138182
1307	1	-0.04150605255629358
1307	2	-0.01404271896518594
1307	3	0.01431268249635309
1307	4	-0.02254036665672743
1307	5	-0.022060079865312332
1307	6	-0.02082033721506349
1307	7	-0.055495773254662595
1307	8	-0.02070457277238802
1307	9	-0.04650787196434436
1307	10-11	-0.00701300964794882
1307	12-13	-0.0468091300718072
1307	14-15	-0.05282401929283509
1307	16-17	-0.05295956505072752
1307	18-19	-0.034417842730540826
1307	20-21	-0.01541184765258663
1307	22-23	-0.07740588785227231
1307	24-25	-0.06871394043786694
1307	26-27	-0.05692999945267019
1307	28-29	-0.07301347222429655
1307	30-31	-0.06332606247005401
1307	32-33	-0.11132884339183846
1307	34-35	-0.015600839671186861
1307	36-37	-0.088644759382845
1307	38-39	-0.017667066323937775
1307	40-41	0.04361477934001101
1307	42-43	0.08614156121829808
1307	44-45	0.09781474176330107
1307	46-47	0.10481109334995153
1307	48-49	0.10707269093487781
1307	50-51	0.1262291926578385
1307	52-53	0.1446129238828675
1307	54-55	0.10543865548457632
1307	56-57	0.15353077549190886
1307	58-59	0.195620137374668
1307	60-61	0.24573147241274995
1307	62-63	0.22410636890649727
1307	64-65	0.23558775345000527
1307	66-67	0.29094601823749855
1307	68-69	0.25039150623363327
1307	70-71	0.32631450347138724
1307	72-73	0.33111777911876317
1307	74-75	0.35508427765832806
1307	76-77	0.27453900746398574
1307	78-79	0.3529053180438737
1307	80-81	0.44635847719057864
1307	82-83	0.47952461284436154
1307	84-85	0.4553228430190366
1307	86-87	0.3901405158475377
1307	88-89	0.4263016182224142
1307	90-91	0.4592515468447118
1307	92-93	0.5483549681430873
1307	94-95	0.633921030048544
1307	96-97	0.6024493316396011
1307	98-99	0.5675637424943503
1307	100-101	0.4834513604914541
1308	1	-0.3346513997256366
1308	2	-0.2567348947354233
1308	3	-0.1273970610681161
1308	4	-0.10377916446324775
1308	5	-0.13152221000521536
1308	6	-0.15534648720786493
1308	7	-0.3335914031966851
1308	8	-0.23624997745560705
1308	9	-0.2781355070653504
1308	10-11	-0.27551629691809154
1308	12-13	-0.36157041457283157
1308	14-15	-0.4300815516987768
1308	16-17	-0.34534078936231793
1308	18-19	-0.3240639785361381
1308	20-21	-0.37545530826024986
1308	22-23	-0.384202216972497
1308	24-25	-0.4246631888241623
1308	26-27	-0.44024626272658907
1308	28-29	-0.5918501744052946
1308	30-31	-0.566625191437538
1308	32-33	-0.6208301710199606
1308	34-35	-0.5383973775742774
1308	36-37	-0.45832824089780644
1308	38-39	-0.46259622560668845
1308	40-41	-0.5346456128657096
1308	42-43	-0.44950263617707265
1308	44-45	-0.48037622634022625
1308	46-47	-0.47634091112496435
1308	48-49	-0.45475135758116636
1308	50-51	-0.40495815483632924
1308	52-53	-0.4535654217590448
1308	54-55	-0.45834344707130725
1308	56-57	-0.40788327048033324
1308	58-59	-0.4498222123924265
1308	60-61	-0.4413720286246203
1308	62-63	-0.4650530707394154
1308	64-65	-0.5780403904113243
1308	66-67	-0.526055379265415
1308	68-69	-0.5560714977619554
1308	70-71	-0.4741786932095451
1308	72-73	-0.28924260059646656
1308	74-75	-0.2633890847499103
1308	76-77	-0.3940432825119764
1308	78-79	-0.2854960221662921
1308	80-81	-0.22572296077063925
1308	82-83	-0.2413405259024053
1308	84-85	-0.16006017327733346
1308	86-87	-0.29136694904445193
1308	88-89	-0.18987100612984165
1308	90-91	-0.20499648484977584
1308	92-93	-0.19457830999555625
1308	94-95	-0.08153131387386026
1308	96-97	-0.22307473793993537
1308	98-99	-0.2583529216682763
1308	100-101	-0.4740996160490205
2101	1	0.18953455566783362
2101	2	0.2094976383639704
2101	3	0.26594614530614535
2101	4	0.2206508320116498
2101	5	0.22468910355939187
2101	6	0.1934503149967881
2101	7	0.20845943293438296
2101	8	-0.5296698052744446
2101	9	-0.05877738190457649
2101	10-11	0.16107659479085612
2101	12-13	-0.2211364691500819
2101	14-15	0.006628483317619782
2101	16-17	0.2317110426745188
2101	18-19	0.2648282206303989
2101	20-21	0.27732500351341116
2101	22-23	0.19830169911718798
2101	24-25	0.20451119490312664
2101	26-27	0.21586683884839175
2101	28-29	0.23345223625604916
2101	30-31	0.21492638169308975
2101	32-33	0.19667235087488422
2101	34-35	0.225899660102435
2101	36-37	0.16722971738066406
2101	38-39	0.08358818930240375
2101	40-41	0.07366123811925007
2101	42-43	0.0683372038855623
2101	44-45	0.044498629099194886
2101	46-47	0.0674587170464136
2101	48-49	-0.06623330756603707
2101	50-51	-0.07018276666993728
2101	52-53	-0.07619261870753746
2101	54-55	-0.10018958861453342
2101	56-57	-0.11177967822867885
2101	58-59	-0.21293082265619745
2101	60-61	-0.26273927272867326
2101	62-63	-0.21776541156670248
2101	64-65	-0.27359768127411144
2101	66-67	-1.75879475413538
2101	68-69	-1.7170643728363189
2101	70-71	-1.1606732736083458
2101	72-73	-0.7231420246682632
2101	74-75	-0.6939406515917632
2101	76-77	-0.6142863170232644
2101	78-79	-0.7091671887000714
2101	80-81	-0.6990074028917235
2101	82-83	-0.7514566976993997
2101	84-85	-0.988927065205413
2101	86-87	-1.1564133780075707
2101	88-89	-2.0776253086931256
2101	90-91	-1.588021326618204
2101	92-93	-1.2947530793519917
2101	94-95	-1.4088147938947735
2101	96-97	-1.4136028030716474
2101	98-99	-1.4776352565646178
2101	100-101	-1.665337401923157
2102	1	0.23618369756221824
2102	2	0.2104007339658196
2102	3	0.2570231800513909
2102	4	0.208433003562277
2102	5	0.15463671635868081
2102	6	0.16489281787158916
2102	7	0.11321716505803181
2102	8	0.20490855740563063
2102	9	0.15393397289286526
2102	10-11	0.21988445239218635
2102	12-13	0.22863179710365955
2102	14-15	0.1928751448614463
2102	16-17	0.22542660009131765
2102	18-19	0.23031627839927893
2102	20-21	0.16904992848711942
2102	22-23	0.12531165205390238
2102	24-25	0.13254050871723422
2102	26-27	0.11777045418903498
2102	28-29	0.1490916048359665
2102	30-31	0.18520217261789185
2102	32-33	0.18715009933060145
2102	34-35	0.14820602432495633
2102	36-37	0.14379763560300063
2102	38-39	0.13347618097696312
2102	40-41	0.09204974184211068
2102	42-43	0.02019190188507025
2102	44-45	0.02074292197005434
2102	46-47	-0.03833783811529656
2102	48-49	-0.042297544515307095
2102	50-51	-0.10389063567171064
2102	52-53	-0.08743927620374592
2102	54-55	-0.10578289840515254
2102	56-57	-0.08639104158165622
2102	58-59	-0.18594571985369157
2102	60-61	-0.20789232159195592
2102	62-63	-0.13547092170232844
2102	64-65	-0.20754977616424242
2102	66-67	-0.2053675033773814
2102	68-69	-0.25467302943514625
2102	70-71	-0.27635343535811074
2102	72-73	-0.38087243443481356
2102	74-75	-0.35212514760136315
2102	76-77	-0.3764363881493722
2102	78-79	-0.41946974694783634
2102	80-81	-0.44799584237522794
2102	82-83	-0.4449736483288831
2102	84-85	-0.5858258198052262
2102	86-87	-0.6369364203662009
2102	88-89	-1.0644536389285584
2102	90-91	-0.8091915165230503
2102	92-93	-0.6808517468283064
2102	94-95	-0.6364340897464267
2102	96-97	-0.5974936110639106
2102	98-99	-0.71938697337837
2102	100-101	-0.8129470602525437
2103	1	-0.009745764388995326
2103	2	0.021250461159183942
2103	3	0.11172684227246066
2103	4	0.11060706342776427
2103	5	0.13194164868868086
2103	6	0.0051340120407843415
2103	7	0.0824421140942917
2103	8	0.11787018515326508
2103	9	-0.26405379122663675
2103	10-11	-0.08640331703561799
2103	12-13	0.10089356420017026
2103	14-15	0.19426300920180495
2103	16-17	0.17225665701042203
2103	18-19	0.12151641805005653
2103	20-21	0.05084194712050305
2103	22-23	0.06254698221736987
2103	24-25	0.1190488268027039
2103	26-27	0.18041022807889817
2103	28-29	0.16654691514697362
2103	30-31	0.1149382316532126
2103	32-33	0.21596338819762906
2103	34-35	0.20071091521982254
2103	36-37	0.18584654545507817
2103	38-39	0.2342932831807829
2103	40-41	-0.00927266230262802
2103	42-43	-0.014316822839390397
2103	44-45	0.09649278187526988
2103	46-47	0.04999376247407383
2103	48-49	0.07473386877642696
2103	50-51	0.08317480801948562
2103	52-53	0.14728941787097227
2103	54-55	0.03390984103958061
2103	56-57	0.03655053582726708
2103	58-59	0.050222582899195345
2103	60-61	0.013848394951601506
2103	62-63	0.11809509665786067
2103	64-65	0.07910717867469685
2103	66-67	0.18694503762338144
2103	68-69	0.13004964239852512
2103	70-71	0.05217506188429155
2103	72-73	-0.008451065831287963
2103	74-75	0.03923618009631724
2103	76-77	0.11461882659023459
2103	78-79	0.06852634342121178
2103	80-81	-0.0018994554928895013
2103	82-83	-0.025601286598753603
2103	84-85	-0.05682698840204026
2103	86-87	-0.02218553147967839
2103	88-89	0.06194320754133642
2103	90-91	0.0817759691706037
2103	92-93	0.030483355805511536
2103	94-95	0.11476583572145671
2103	96-97	0.08176178697834757
2103	98-99	0.14504588587259803
2103	100-101	0.17522600093014162
2104	1	-0.026699766851905338
2104	2	-0.20641153522254285
2104	3	-0.0021605545525886782
2104	4	0.07027442517197358
2104	5	-0.20889348439079924
2104	6	-0.03142921790669817
2104	7	0.008904576949866794
2104	8	0.0676925608647494
2104	9	0.06894265181369974
2104	10-11	0.09705479042356302
2104	12-13	0.0982666380856898
2104	14-15	-0.20581577115605398
2104	16-17	-0.09459039335633435
2104	18-19	-0.1482728300138163
2104	20-21	-0.04050269652148586
2104	22-23	0.0058439700706571784
2104	24-25	0.057162165779885754
2104	26-27	-0.02189861341593513
2104	28-29	0.04586024239397801
2104	30-31	0.03763943726633556
2104	32-33	0.07437025808752651
2104	34-35	0.05960969886935885
2104	36-37	0.03028270298257496
2104	38-39	-0.01868711880710805
2104	40-41	0.03385245144074389
2104	42-43	0.04734960618999651
2104	44-45	-0.027236858424629418
2104	46-47	-0.0783273793468453
2104	48-49	0.05799729446285795
2104	50-51	0.026986891141113745
2104	52-53	0.04911914523099625
2104	54-55	0.06889996124298392
2104	56-57	0.03862265320972824
2104	58-59	0.11898091418480305
2104	60-61	-0.16389687253496987
2104	62-63	0.058536361655477265
2104	64-65	0.08461608878556603
2104	66-67	0.16126703518364138
2104	68-69	0.18765489479827124
2104	70-71	0.16132399285822174
2104	72-73	0.12267214276898386
2104	74-75	0.0682359410494584
2104	76-77	0.11967628716121581
2104	78-79	0.06873624868836004
2104	80-81	0.050622396947751724
2104	82-83	0.14656908085098408
2104	84-85	0.08096820466927923
2104	86-87	0.14934860850886977
2104	88-89	0.16112865559669132
2104	90-91	0.20070588805309697
2104	92-93	0.268920570949124
2104	94-95	0.2178396026528837
2104	96-97	0.23804595691287034
2104	98-99	0.24510631713936704
2104	100-101	0.20988275479758656
2105	1	-0.11710194761078441
2105	2	-0.0986463719914994
2105	3	-0.18545551116133652
2105	4	-0.06767886395465439
2105	5	-0.06123413042608661
2105	6	-0.042205722827866055
2105	7	-0.05199291874026102
2105	8	-0.002685399199577887
2105	9	-0.4344963519454552
2105	10-11	-0.17352585572118073
2105	12-13	-0.07316736667872448
2105	14-15	-0.1796334217269333
2105	16-17	-0.14998608645736056
2105	18-19	-0.32826478165016937
2105	20-21	-0.220095216405781
2105	22-23	-0.1220484917435769
2105	24-25	-0.14037634388689213
2105	26-27	-0.1187045600834864
2105	28-29	-0.08704016029873429
2105	30-31	-0.4020561431405909
2105	32-33	-0.16126600586880357
2105	34-35	-0.11801568442974997
2105	36-37	-0.12940003656379417
2105	38-39	-0.2819143800156354
2105	40-41	-0.2605935522915601
2105	42-43	-0.148973321131173
2105	44-45	-0.10971224649019007
2105	46-47	-0.07628135890455212
2105	48-49	-0.16727153534581163
2105	50-51	-0.14234713571060098
2105	52-53	-0.10112953143616465
2105	54-55	-0.20274255160588694
2105	56-57	-0.17547817304210156
2105	58-59	-0.16489547275877925
2105	60-61	-0.13293488845844337
2105	62-63	-0.1730202062049031
2105	64-65	-0.14938069076386284
2105	66-67	-0.13526846106541512
2105	68-69	-0.16003002055327187
2105	70-71	-0.16112186401714723
2105	72-73	-0.21878340367350546
2105	74-75	-0.21249993166873793
2105	76-77	-0.14625582467567355
2105	78-79	-0.1465470241283171
2105	80-81	-0.0922309181165204
2105	82-83	0.059703092201335295
2105	84-85	0.06828849732751507
2105	86-87	0.04586353917330044
2105	88-89	0.09185007460659378
2105	90-91	0.07345190835416915
2105	92-93	0.08004623473147987
2105	94-95	0.0029692027169012647
2105	96-97	-0.12478803134329297
2105	98-99	-0.22095924032765168
2105	100-101	-0.08858307609488136
2106	1	-0.3589124092396645
2106	2	-0.5132283485301485
2106	3	-1.043016176064107
2106	4	-0.4811094949368808
2106	5	-0.34311261313558106
2106	6	-0.23634782691020462
2106	7	-0.205494365831548
2106	8	-0.5178209063408374
2106	9	-0.6403679653076253
2106	10-11	-0.4129917840668824
2106	12-13	-0.21269422267969418
2106	14-15	-0.3597009123468382
2106	16-17	-0.5495821037519732
2106	18-19	-0.8847439529198837
2106	20-21	-0.8685411905082745
2106	22-23	-0.6508728191318838
2106	24-25	-0.3501046564188002
2106	26-27	-0.6834946988425727
2106	28-29	-0.6128937253099238
2106	30-31	-0.3657407867032987
2106	32-33	-0.41262252435284097
2106	34-35	-0.6535767281084262
2106	36-37	-0.7516978258707496
2106	38-39	-0.5458255279250892
2106	40-41	-0.34371380071844015
2106	42-43	-0.32174690555136465
2106	44-45	-0.40098228243346057
2106	46-47	-0.5321129597497531
2106	48-49	-0.6719557016921058
2106	50-51	-0.6331177615238133
2106	52-53	-0.5304174251927307
2106	54-55	-0.4263452385916011
2106	56-57	-0.44468061901311273
2106	58-59	-0.45283309343313505
2106	60-61	-0.6367781952791773
2106	62-63	-0.37494869653233565
2106	64-65	-0.607523074428336
2106	66-67	-0.5639699578566635
2106	68-69	-0.3690272567260777
2106	70-71	-0.3701585874001623
2106	72-73	-0.26036502185382204
2106	74-75	-0.2566045447065619
2106	76-77	-0.3098904114596621
2106	78-79	-0.25783399516869565
2106	80-81	-0.20949248643195517
2106	82-83	-0.1326636415367659
2106	84-85	-0.39016135135836905
2106	86-87	-0.4469920073742877
2106	88-89	-0.1990129576218287
2106	90-91	-0.4266677981543623
2106	92-93	-0.15152489198254315
2106	94-95	-0.2748470966757601
2106	96-97	-0.2316141330394288
2106	98-99	-0.22300916968479356
2106	100-101	-0.22726450933947362
2107	1	-0.37223345686013687
2107	2	-0.4634905472072006
2107	3	-0.3107154418115883
2107	4	-0.21448006101345385
2107	5	-0.24813037666842774
2107	6	-0.26041955894295654
2107	7	-0.2971669417057541
2107	8	-0.26220211198931054
2107	9	-0.7733357023418677
2107	10-11	-0.528176418925618
2107	12-13	-0.38235887940809477
2107	14-15	-0.7079179400757027
2107	16-17	-1.237719638795383
2107	18-19	-1.030770610369352
2107	20-21	-0.7791255652584539
2107	22-23	-0.6395051203646887
2107	24-25	-0.5251304376936687
2107	26-27	-0.47674435066156917
2107	28-29	-0.8188045063925173
2107	30-31	-0.9354493968489663
2107	32-33	-0.6023649709945218
2107	34-35	-0.8434363745656484
2107	36-37	-0.710619855325568
2107	38-39	-0.6164598339246226
2107	40-41	-0.4899732017449665
2107	42-43	-0.8140950085275165
2107	44-45	-0.9651474486861105
2107	46-47	-0.8088658275733849
2107	48-49	-0.7261224643808575
2107	50-51	-0.8132516955038724
2107	52-53	-0.6659533638488639
2107	54-55	-0.6778130934148621
2107	56-57	-0.6917124977743399
2107	58-59	-0.5148011431652435
2107	60-61	-0.6648926341214363
2107	62-63	-0.6015938528584357
2107	64-65	-0.3742408161256776
2107	66-67	-0.23904430160865076
2107	68-69	-0.2956330930997808
2107	70-71	-0.3270935019315644
2107	72-73	-0.2839223730445539
2107	74-75	-0.5011581473231139
2107	76-77	-0.374130100143816
2107	78-79	-0.2860290820991551
2107	80-81	-0.2473942185563942
2107	82-83	-0.2164377287119379
2107	84-85	-0.20231333291069475
2107	86-87	-0.2238216324307558
2107	88-89	-0.14789024886410118
2107	90-91	-0.20276495922800208
2107	92-93	-0.16489249389671912
2107	94-95	-0.1305308466961108
2107	96-97	-0.12015830430623708
2107	98-99	-0.18349351702814687
2107	100-101	-0.13293045590735986
2108	1	-0.7686886262835841
2108	2	-0.7392005174191532
2108	3	-0.5496138539790891
2108	4	-0.3733406545106348
2108	5	-0.4979198701429013
2108	6	-0.8045493407171378
2108	7	-0.8085453248061967
2108	8	-0.7035969828866584
2108	9	-0.6913625386019078
2108	10-11	-0.7061206557152246
2108	12-13	-0.7815060117523771
2108	14-15	-0.8575271850440984
2108	16-17	-1.0894986556267696
2108	18-19	-0.9782954640874593
2108	20-21	-0.9474337048877146
2108	22-23	-1.0864106782780638
2108	24-25	-0.9638882044719352
2108	26-27	-1.167939051728787
2108	28-29	-1.115678485793545
2108	30-31	-1.116266003524622
2108	32-33	-1.1117392727647157
2108	34-35	-1.2661610607740101
2108	36-37	-1.2700097164940445
2108	38-39	-1.1940015617605582
2108	40-41	-1.4159394799314313
2108	42-43	-1.0927185357196265
2108	44-45	-1.0968794741508958
2108	46-47	-1.0421278632993776
2108	48-49	-1.0575499620776228
2108	50-51	-1.1629713607008298
2108	52-53	-1.0147808948453942
2108	54-55	-1.0677997271402901
2108	56-57	-1.2373100780122925
2108	58-59	-1.1943597408443125
2108	60-61	-1.0438264353752018
2108	62-63	-1.0755068926783053
2108	64-65	-1.0537317308675114
2108	66-67	-0.908101870080209
2108	68-69	-1.093261285826614
2108	70-71	-1.0479041558253286
2108	72-73	-0.8688631602706955
2108	74-75	-0.8822760683627138
2108	76-77	-0.993622814932408
2108	78-79	-0.9324419819314222
2108	80-81	-0.9224371359568053
2108	82-83	-0.8575149006925535
2108	84-85	-1.003640134058525
2108	86-87	-0.900929745414313
2108	88-89	-0.9287102593404626
2108	90-91	-0.9927364920425568
2108	92-93	-0.8427630625383564
2108	94-95	-0.8296022478526162
2108	96-97	-0.9401591687070159
2108	98-99	-0.9932521596125703
2108	100-101	-1.071215670490492
2201	1	0.41412087528165387
2201	2	0.39994994727069155
2201	3	0.45703680476727726
2201	4	0.14710490856703018
2201	5	0.2539379270947535
2201	6	0.3210932094877279
2201	7	0.29201189398033023
2201	8	0.101803003633961
2201	9	0.34347077032910533
2201	10-11	0.40418986261324363
2201	12-13	-0.41064380118128696
2201	14-15	-0.11155305150067818
2201	16-17	0.33802927340664723
2201	18-19	0.48338382903550325
2201	20-21	0.4027716417762619
2201	22-23	0.41731417048567465
2201	24-25	0.42412322975684447
2201	26-27	0.4857344406146922
2201	28-29	0.4583064963230399
2201	30-31	0.5089562225709869
2201	32-33	0.5708743688279867
2201	34-35	0.5137475815972508
2201	36-37	0.440797075251929
2201	38-39	0.472438637455312
2201	40-41	0.39950879528952754
2201	42-43	0.3808941414005318
2201	44-45	0.4103649557296336
2201	46-47	0.45561234730423905
2201	48-49	0.3998283644811593
2201	50-51	0.35596473079159097
2201	52-53	0.3522791883084082
2201	54-55	0.28919730042503744
2201	56-57	0.3362355694276715
2201	58-59	0.1902446232196766
2201	60-61	0.20911919393731893
2201	62-63	0.18284201862972793
2201	64-65	0.1414998936063938
2201	66-67	-0.5035815197094067
2201	68-69	-0.5597612312119011
2201	70-71	-0.19016848172873324
2201	72-73	-0.1776891996351182
2201	74-75	-0.1338080644490489
2201	76-77	-0.1023726214568903
2201	78-79	-0.21135645529454905
2201	80-81	-0.3425224464588652
2201	82-83	-0.3720420930083854
2201	84-85	-0.37039794454315356
2201	86-87	-0.47374711614594034
2201	88-89	-0.7498456643143498
2201	90-91	-0.6258978610822901
2201	92-93	-0.5334981904878404
2201	94-95	-0.6301257077758784
2201	96-97	-0.7609106067007261
2201	98-99	-0.9192748653880187
2201	100-101	-0.9195157725154175
2202	1	0.4309920997154464
2202	2	0.40149804022719593
2202	3	0.4449782390778765
2202	4	0.3455768816059859
2202	5	0.3179108253365186
2202	6	0.3294212448916838
2202	7	0.30330195737255394
2202	8	0.3374857751616389
2202	9	0.3905072366876041
2202	10-11	0.40100606738208455
2202	12-13	0.4454340847127085
2202	14-15	0.5042465559037623
2202	16-17	0.5184580327905906
2202	18-19	0.4355995736654563
2202	20-21	0.4568389880976085
2202	22-23	0.45568826199279755
2202	24-25	0.40993710568820063
2202	26-27	0.4337146279066957
2202	28-29	0.47218778893337543
2202	30-31	0.29188782792097356
2202	32-33	0.2774388199329536
2202	34-35	0.40066774679695527
2202	36-37	0.4103259887190802
2202	38-39	0.42632975199049383
2202	40-41	0.3645801308883776
2202	42-43	0.37958714996305076
2202	44-45	0.4168716854367318
2202	46-47	0.43867025866769893
2202	48-49	0.38182790012081824
2202	50-51	0.3353784266074271
2202	52-53	0.3511340053433969
2202	54-55	0.34137212505864767
2202	56-57	0.32836066528994223
2202	58-59	0.29697395038968466
2202	60-61	0.3246516393573913
2202	62-63	0.3799917326259745
2202	64-65	0.3076551306764159
2202	66-67	0.3709277428722899
2202	68-69	0.3139598852229355
2202	70-71	0.24536015030790992
2202	72-73	0.2260811952822408
2202	74-75	0.18338469434389282
2202	76-77	0.043997727024439826
2202	78-79	0.05626943912679394
2202	80-81	0.005349052369680862
2202	82-83	0.03780414743177474
2202	84-85	0.041724562158410805
2202	86-87	-0.1702831709123167
2202	88-89	-0.937627921527767
2202	90-91	-0.4583845951515677
2202	92-93	-0.2041685720372577
2202	94-95	-0.10021848134392286
2202	96-97	-0.0766259538100833
2202	98-99	-0.0642533289181415
2202	100-101	-0.03959845679963436
2203	1	0.39759553251580115
2203	2	0.36646141910672014
2203	3	0.42538374187076755
2203	4	0.3035803957772103
2203	5	0.28932316064573627
2203	6	0.3131581114757509
2203	7	0.26982684138549473
2203	8	0.13761354112359214
2203	9	0.2970378505589366
2203	10-11	0.31917122911711715
2203	12-13	0.35512505227628566
2203	14-15	0.45209280164699805
2203	16-17	0.4443366281341241
2203	18-19	0.44845083624169035
2203	20-21	0.4494657938292903
2203	22-23	0.4217586315533808
2203	24-25	0.4218021893302435
2203	26-27	0.4718753441843049
2203	28-29	0.4970799556132519
2203	30-31	0.4374092683692794
2203	32-33	0.45690196107821635
2203	34-35	0.4890312161085788
2203	36-37	0.47171462265495734
2203	38-39	0.477312691264828
2203	40-41	0.37832019837646413
2203	42-43	0.459551596401937
2203	44-45	0.4936960021762289
2203	46-47	0.5584622427557591
2203	48-49	0.508582566902696
2203	50-51	0.47433818438239683
2203	52-53	0.50812992798447
2203	54-55	0.44351285517317507
2203	56-57	0.5086583941246303
2203	58-59	0.5412573222090984
2203	60-61	0.5357190065693445
2203	62-63	0.5571921474006913
2203	64-65	0.5237405795299281
2203	66-67	0.5598510046644591
2203	68-69	0.5173275334774203
2203	70-71	0.534745653154836
2203	72-73	0.5149642301606647
2203	74-75	0.4908693812195821
2203	76-77	0.4991415112894053
2203	78-79	0.44813264993430124
2203	80-81	0.40642128971561675
2203	82-83	0.35683076392583146
2203	84-85	0.39968634967444316
2203	86-87	0.45293103482420705
2203	88-89	0.48352033374072434
2203	90-91	0.5052735378725792
2203	92-93	0.5643944469479969
2203	94-95	0.6082337680212397
2203	96-97	0.7316971281059033
2203	98-99	0.7369954289506886
2203	100-101	0.8503015187705465
2204	1	0.11237678418527253
2204	2	0.14563800210832056
2204	3	0.1866599084867957
2204	4	0.14822825575959797
2204	5	0.16210678501887088
2204	6	0.005694999951074919
2204	7	0.10332088000872375
2204	8	-0.09727606892100482
2204	9	-0.02165152805648063
2204	10-11	-0.04591471842582706
2204	12-13	0.13172882495647542
2204	14-15	0.25761082459027307
2204	16-17	0.26745448972308594
2204	18-19	0.2918739964700521
2204	20-21	0.21509145299099686
2204	22-23	0.20351303178095037
2204	24-25	0.10038531913017579
2204	26-27	0.07049917073418044
2204	28-29	0.17897900634289243
2204	30-31	0.20857973832181642
2204	32-33	0.21234790518038693
2204	34-35	0.2441227173802929
2204	36-37	0.1357484930142263
2204	38-39	0.19574934652375475
2204	40-41	0.16820089552550854
2204	42-43	0.14118394924410893
2204	44-45	0.07095681998404046
2204	46-47	0.17691241847328598
2204	48-49	0.1695510674065872
2204	50-51	0.1399788896858567
2204	52-53	0.037667359263942046
2204	54-55	0.11586022135248442
2204	56-57	0.1763078247372576
2204	58-59	0.1731847288495274
2204	60-61	0.16231726862736195
2204	62-63	0.17937372631224235
2204	64-65	0.22234118663556757
2204	66-67	0.30200569982836356
2204	68-69	0.309400921839007
2204	70-71	0.25774476695089277
2204	72-73	0.2183891986867863
2204	74-75	0.1871629435293798
2204	76-77	0.21237409165694388
2204	78-79	0.19266298509200652
2204	80-81	0.10944361714378914
2204	82-83	0.18645781334813805
2204	84-85	0.33022789356599347
2204	86-87	0.343029413052097
2204	88-89	0.3310094879499488
2204	90-91	0.3080810878632825
2204	92-93	0.36301643662381977
2204	94-95	0.4592027935538603
2204	96-97	0.5393897641274563
2204	98-99	0.5283659556780194
2204	100-101	0.6090955321255542
2205	1	0.049514026420588664
2205	2	0.04570016000997157
2205	3	0.06750515364177545
2205	4	0.08273564692907343
2205	5	0.07281760176041985
2205	6	0.08960661430145933
2205	7	0.06999621845475446
2205	8	0.0843846462498945
2205	9	0.11745620552648006
2205	10-11	0.08593231820672287
2205	12-13	0.12733633120971888
2205	14-15	0.18878478742658444
2205	16-17	0.12897715004473298
2205	18-19	0.16572865476844356
2205	20-21	0.14771224497048507
2205	22-23	0.09503666889572315
2205	24-25	0.08835193119630702
2205	26-27	-0.015375225362248557
2205	28-29	0.09035558311170888
2205	30-31	0.162531478529921
2205	32-33	0.16566944940019113
2205	34-35	0.0824435570180242
2205	36-37	0.07397424452073409
2205	38-39	0.10911723543630103
2205	40-41	0.09469932906356604
2205	42-43	0.06040250317374074
2205	44-45	0.1227284846039467
2205	46-47	0.2402210055688272
2205	48-49	0.17668362115669822
2205	50-51	0.1293491394659796
2205	52-53	0.19350444113224086
2205	54-55	0.25340371574584
2205	56-57	0.2316995918571081
2205	58-59	0.28200712557100616
2205	60-61	0.15012232008499637
2205	62-63	0.1731503696540102
2205	64-65	0.08431906970076142
2205	66-67	0.16178671182257887
2205	68-69	0.21210087790766607
2205	70-71	0.1835407954951691
2205	72-73	0.1557561913124843
2205	74-75	0.16992231651101264
2205	76-77	0.1870926729294773
2205	78-79	0.18336836309328675
2205	80-81	0.2795250100751403
2205	82-83	0.30294078931769164
2205	84-85	0.28788138436519617
2205	86-87	0.33553455065508686
2205	88-89	0.35307831386531774
2205	90-91	0.2958828965382523
2205	92-93	0.2904787530533959
2205	94-95	0.4347036618888467
2205	96-97	0.5593177901856663
2205	98-99	0.5243147762246778
2205	100-101	0.6138594995669173
2206	1	-0.4191733936226214
2206	2	-0.32595293658329894
2206	3	-3.224728178586915
2206	4	-1.0701399763597834
2206	5	-0.4240965565446757
2206	6	-0.2041687043968352
2206	7	-0.07732903426815341
2206	8	-0.009362577436647257
2206	9	-0.39530433674046606
2206	10-11	-0.15518110471670354
2206	12-13	-0.08479493318125719
2206	14-15	-0.048711361206329684
2206	16-17	-0.08984466121918899
2206	18-19	-0.02048377081804631
2206	20-21	-0.018624800874469827
2206	22-23	-0.01827357547633568
2206	24-25	-0.12725701835507408
2206	26-27	-0.1615940224367236
2206	28-29	-0.09088127347951058
2206	30-31	0.0080768812510712
2206	32-33	-0.04112045436885836
2206	34-35	0.020443793505599217
2206	36-37	0.052827335709835666
2206	38-39	0.04797250379502316
2206	40-41	0.019649352306736034
2206	42-43	0.07608926771281688
2206	44-45	0.09762555838444342
2206	46-47	-0.018645845753049173
2206	48-49	-0.012554139967654976
2206	50-51	0.04307743694841548
2206	52-53	0.06485641888901483
2206	54-55	0.10424936646332839
2206	56-57	0.10175775390236907
2206	58-59	0.025202536150622734
2206	60-61	0.13944013870389682
2206	62-63	0.13354984428725913
2206	64-65	0.05308103233279127
2206	66-67	0.12790767967414496
2206	68-69	0.19906208483703836
2206	70-71	0.17920825841788002
2206	72-73	0.13378942476567346
2206	74-75	0.15216848667613903
2206	76-77	0.14058094908982355
2206	78-79	0.0613259631580334
2206	80-81	-0.012451112154884925
2206	82-83	0.050382677313553614
2206	84-85	0.07206425542789319
2206	86-87	0.08588495619307324
2206	88-89	0.17843338921617757
2206	90-91	0.1514756435623532
2206	92-93	0.2264499222779186
2206	94-95	0.15023631083677458
2206	96-97	0.2765487920067784
2206	98-99	0.25182181651956626
2206	100-101	0.48768565451124246
2207	1	-0.1614555124864694
2207	2	-0.1979453024622444
2207	3	-0.11728826689788718
2207	4	-0.08342652804099515
2207	5	-0.12315175235251985
2207	6	-0.1040573988016078
2207	7	-0.09334434146568071
2207	8	-0.07748155895873765
2207	9	-0.10037555495775052
2207	10-11	-0.3425015045199231
2207	12-13	-0.4215181239166341
2207	14-15	-0.21536543862323043
2207	16-17	-0.1864503952043961
2207	18-19	-0.14979138749705356
2207	20-21	-0.20462155983150154
2207	22-23	-0.1525633877494812
2207	24-25	-0.36670448948476775
2207	26-27	-0.37271530154441024
2207	28-29	-0.20896125089296902
2207	30-31	-0.21314702138262476
2207	32-33	-0.24846955481114463
2207	34-35	-0.2561311447993617
2207	36-37	-0.2464785263127851
2207	38-39	-0.4609646164891501
2207	40-41	-0.33875620828413133
2207	42-43	-0.17780586397915954
2207	44-45	-0.4935215481629598
2207	46-47	-0.26459572376916185
2207	48-49	-0.4051353687169055
2207	50-51	-0.21853475045249837
2207	52-53	-0.19465657049699558
2207	54-55	-0.10193051334543668
2207	56-57	-0.11707818183079155
2207	58-59	-0.1267770723051882
2207	60-61	-0.12836028254189813
2207	62-63	-0.12431593678032016
2207	64-65	-0.04375598754855048
2207	66-67	-0.005275169368566424
2207	68-69	0.05414522364864638
2207	70-71	-0.10505692999532101
2207	72-73	-0.22364551654502662
2207	74-75	-0.016507162966554745
2207	76-77	-0.014178460727098496
2207	78-79	0.0017220651367466644
2207	80-81	0.060736693251705276
2207	82-83	0.10628462330514665
2207	84-85	0.038234660994856284
2207	86-87	0.08870045876625454
2207	88-89	0.0999797262896358
2207	90-91	0.11476585443965348
2207	92-93	0.15548498645019393
2207	94-95	0.19626018513753252
2207	96-97	0.31706369374732546
2207	98-99	0.28953540828454294
2207	100-101	0.3828207194649984
2208	1	-0.5717909616890111
2208	2	-0.6045134144867816
2208	3	-0.47263087360628475
2208	4	-0.5244449300416321
2208	5	-0.465860020585545
2208	6	-0.38687595754026205
2208	7	-0.4119098673531951
2208	8	-0.4083229297860882
2208	9	-0.484296729791339
2208	10-11	-0.41486645573719017
2208	12-13	-0.6673833589208513
2208	14-15	-0.7288588760417909
2208	16-17	-0.8202431166304507
2208	18-19	-0.7812920875227647
2208	20-21	-0.7496715340198605
2208	22-23	-0.7493124614939006
2208	24-25	-0.738788607213813
2208	26-27	-0.6306174406783711
2208	28-29	-0.7416952380316317
2208	30-31	-0.7537819380495279
2208	32-33	-0.781916785963169
2208	34-35	-0.756187861867609
2208	36-37	-0.7785779307701333
2208	38-39	-0.9262193574379722
2208	40-41	-0.9617265470046377
2208	42-43	-0.797541229799549
2208	44-45	-0.8096812455518716
2208	46-47	-0.6627808212654003
2208	48-49	-0.674680379556996
2208	50-51	-0.8034595116326457
2208	52-53	-0.7738181282594994
2208	54-55	-0.7216486792444741
2208	56-57	-0.7477419321380623
2208	58-59	-0.8675870962002747
2208	60-61	-0.770133636433151
2208	62-63	-0.759047849848379
2208	64-65	-0.6555073810479399
2208	66-67	-0.622831796724391
2208	68-69	-0.575471256745459
2208	70-71	-0.6452443597457886
2208	72-73	-0.6560733591957515
2208	74-75	-0.6245062385589861
2208	76-77	-0.7461129018442314
2208	78-79	-0.6633597794743409
2208	80-81	-0.6439386915809919
2208	82-83	-0.6169832213024513
2208	84-85	-0.5664861075724943
2208	86-87	-0.5568697735627168
2208	88-89	-0.4970519079911817
2208	90-91	-0.5551004915202178
2208	92-93	-0.5394621544518046
2208	94-95	-0.604981515455215
2208	96-97	-0.6587118785608226
2208	98-99	-0.7504799046518826
2208	100-101	-0.6737629662332019
2301	1	0.3136888839751748
2301	2	0.30074617155502636
2301	3	0.38794630762428284
2301	4	0.28735498935854054
2301	5	0.2631155157079448
2301	6	0.2546007967869457
2301	7	0.23817098400160575
2301	8	0.29893794853592937
2301	9	0.37665374267532314
2301	10-11	0.23401043799082544
2301	12-13	0.2953488476792856
2301	14-15	0.4274140814484113
2301	16-17	0.19235287979751803
2301	18-19	0.28209753589194975
2301	20-21	0.30256752868945824
2301	22-23	0.2855809067573247
2301	24-25	0.2740116415911089
2301	26-27	0.331905697304407
2301	28-29	0.3951141415080386
2301	30-31	0.34285381090007405
2301	32-33	0.30021474789108993
2301	34-35	0.2867026686212384
2301	36-37	0.3088408056533325
2301	38-39	0.3199868797517098
2301	40-41	0.24502540282745855
2301	42-43	0.18983495229868197
2301	44-45	0.22129738561858403
2301	46-47	0.15252247518566264
2301	48-49	0.24281066847741073
2301	50-51	0.19680710034437965
2301	52-53	0.10605986155913882
2301	54-55	0.06223900304835439
2301	56-57	0.06425267236848242
2301	58-59	0.0455105391467967
2301	60-61	-7.041727424805799E-4
2301	62-63	0.06570936785146841
2301	64-65	0.09446286446107166
2301	66-67	-0.25703693167508135
2301	68-69	-0.08233450644637941
2301	70-71	-0.10042055123428639
2301	72-73	-0.14833077299203268
2301	74-75	-0.16188282589214253
2301	76-77	-0.23995641911944077
2301	78-79	-0.2838383917338305
2301	80-81	-0.2861173454073338
2301	82-83	-0.34364214130572535
2301	84-85	-0.37277926625671753
2301	86-87	-0.4274892864721984
2301	88-89	-0.37683276253196496
2301	90-91	-0.5070800734556435
2301	92-93	-0.5858775021797022
2301	94-95	-0.5893365221187672
2301	96-97	-0.49717382010749844
2301	98-99	-0.6852578973956618
2301	100-101	-0.6711162185555679
2302	1	0.2986495664486384
2302	2	0.28427450214844185
2302	3	0.2836048749949214
2302	4	0.23460974415697677
2302	5	0.21588981917430772
2302	6	0.21615624574225478
2302	7	0.20565887111666825
2302	8	0.2689678104583493
2302	9	0.32565199336139017
2302	10-11	0.3023787233978439
2302	12-13	0.30220091438682317
2302	14-15	0.18235023670048633
2302	16-17	0.20486506173179464
2302	18-19	0.3114152727690751
2302	20-21	0.28921254838737553
2302	22-23	0.2667836938700887
2302	24-25	0.28763937318787924
2302	26-27	0.3503530985524961
2302	28-29	0.3500872829123338
2302	30-31	0.37576651865786914
2302	32-33	0.26085978766446516
2302	34-35	0.004907131267437137
2302	36-37	0.029892051197968783
2302	38-39	0.21304043282306395
2302	40-41	0.31911857558015555
2302	42-43	0.3168648798819049
2302	44-45	0.08171763142273392
2302	46-47	0.11766868812654252
2302	48-49	0.2685506776290083
2302	50-51	0.17372270331552642
2302	52-53	0.13387825590747582
2302	54-55	0.25748475764866186
2302	56-57	0.24202518406834628
2302	58-59	0.21263504131221822
2302	60-61	0.2231010418766175
2302	62-63	0.2770828558067322
2302	64-65	0.26752925431659946
2302	66-67	0.32592539890389105
2302	68-69	0.30352984650470916
2302	70-71	0.2393762288798058
2302	72-73	0.11461700479873826
2302	74-75	0.09297624344164745
2302	76-77	0.1656466217112893
2302	78-79	0.07498625164389949
2302	80-81	0.005593012550214382
2302	82-83	-0.013675877663441582
2302	84-85	0.02412082746498001
2302	86-87	0.04980751362145597
2302	88-89	0.08831879533947173
2302	90-91	-0.014798619897941734
2302	92-93	0.018555273778392944
2302	94-95	0.08600591946213498
2302	96-97	0.12155856951313027
2302	98-99	0.05754743288108699
2302	100-101	0.20346166139818678
2303	1	0.27124751742563546
2303	2	0.23101458205787395
2303	3	0.30180051119572227
2303	4	0.18978839078808818
2303	5	0.19987381779365165
2303	6	0.17110336888516997
2303	7	0.15197896351965312
2303	8	0.21684802027435524
2303	9	0.3197117932753315
2303	10-11	0.03087159321405153
2303	12-13	0.11081074427325888
2303	14-15	0.16234710614514825
2303	16-17	0.195697866855582
2303	18-19	0.30543918023536065
2303	20-21	0.3169674729200622
2303	22-23	0.2887315815909446
2303	24-25	0.26529821661969066
2303	26-27	0.3278360345891187
2303	28-29	0.1389454873897762
2303	30-31	-0.09454211338977814
2303	32-33	0.1692747892168498
2303	34-35	-0.05182432241396384
2303	36-37	0.14264433396624554
2303	38-39	0.2838980874465591
2303	40-41	0.2932653200749513
2303	42-43	0.39060757632783805
2303	44-45	0.3025548313645885
2303	46-47	0.3529159030933471
2303	48-49	0.1682403455636674
2303	50-51	0.1538316076526911
2303	52-53	0.22154280715584207
2303	54-55	0.3342559797033644
2303	56-57	0.383572756325556
2303	58-59	0.39908925450361465
2303	60-61	0.3059466593428226
2303	62-63	0.31884727349047637
2303	64-65	0.37260691760359066
2303	66-67	0.37761728918882653
2303	68-69	0.38538397810671654
2303	70-71	0.33942163913305734
2303	72-73	0.3073712312634598
2303	74-75	0.35118685585222664
2303	76-77	0.510623700140588
2303	78-79	0.39766508963450775
2303	80-81	0.33257581943708914
2303	82-83	0.38361283780261957
2303	84-85	0.42757473018096803
2303	86-87	0.48538337956258815
2303	88-89	0.5372326331107686
2303	90-91	0.46076214942742766
2303	92-93	0.48037849544664724
2303	94-95	0.5870517313553201
2303	96-97	0.6839165083807259
2303	98-99	0.6503737595900887
2303	100-101	0.7320768006147276
2304	1	-0.04295898973521872
2304	2	0.0190304258472338
2304	3	0.13691232032783063
2304	4	0.10967913224362036
2304	5	0.09267276705794103
2304	6	-0.1807561957002619
2304	7	-0.02151927825950395
2304	8	0.0985394115829692
2304	9	0.12922527828833807
2304	10-11	-0.016336503409185354
2304	12-13	-0.25774432270700487
2304	14-15	-0.07928226716689579
2304	16-17	0.11603281841806279
2304	18-19	-0.05190600973465109
2304	20-21	-0.06419866875311442
2304	22-23	0.05526781264403979
2304	24-25	0.04101739071399635
2304	26-27	-0.016416631410393734
2304	28-29	-0.02557651830013441
2304	30-31	-0.023746371422951995
2304	32-33	0.10959080200111515
2304	34-35	0.10189394966487697
2304	36-37	0.12482332197109258
2304	38-39	-0.6059488595621048
2304	40-41	-0.41218265237042573
2304	42-43	-0.5980088820851677
2304	44-45	-0.2564477381381778
2304	46-47	-0.05174839169428935
2304	48-49	-0.0159315291684905
2304	50-51	-0.012496734252543718
2304	52-53	0.02702500417233722
2304	54-55	0.07892767503729914
2304	56-57	0.15877584280259072
2304	58-59	0.173901507018293
2304	60-61	0.22450536157545997
2304	62-63	0.21105287863586142
2304	64-65	-0.07149495930972449
2304	66-67	0.30142417276085354
2304	68-69	0.3587601581598747
2304	70-71	0.3257666854662773
2304	72-73	0.29389378431006463
2304	74-75	0.33003104657117177
2304	76-77	0.38865672714726074
2304	78-79	0.3330268149784885
2304	80-81	0.28134666081181336
2304	82-83	0.30928735444705424
2304	84-85	0.12899933534231423
2304	86-87	0.21610078922952525
2304	88-89	0.44763158284793647
2304	90-91	0.36929612603295325
2304	92-93	0.38149809406749924
2304	94-95	0.3437652149496948
2304	96-97	0.0694665279756208
2304	98-99	-0.008025180689514855
2304	100-101	0.03877600919368618
2305	1	-0.3599952254850507
2305	2	-0.3908014218421201
2305	3	-0.9324118991392574
2305	4	-0.5154639121704605
2305	5	-0.2676611966730391
2305	6	-0.10530620635746857
2305	7	-0.03369529842565555
2305	8	-0.2552849846829375
2305	9	-0.3044562103207653
2305	10-11	-0.4018656320928571
2305	12-13	-0.2373250717179829
2305	14-15	-0.23484330341742776
2305	16-17	-0.4085651041033955
2305	18-19	-0.17064975986555453
2305	20-21	-0.7029384714037334
2305	22-23	-0.77565917745153
2305	24-25	-0.6152940758291336
2305	26-27	-0.374305720027877
2305	28-29	-0.742214861836878
2305	30-31	-0.6020989070383678
2305	32-33	-0.7753293551588669
2305	34-35	-0.6984313158105735
2305	36-37	-0.39109412591638204
2305	38-39	-0.20629593720697414
2305	40-41	-0.0794762357437051
2305	42-43	-0.6483493781321528
2305	44-45	-0.25232799790308036
2305	46-47	-0.031611457003904775
2305	48-49	-0.3633523584104026
2305	50-51	-0.29930288512662884
2305	52-53	-0.24425458314102144
2305	54-55	-0.06891149840665634
2305	56-57	-0.35173084167126945
2305	58-59	-0.0925600500187258
2305	60-61	-0.08788993348144203
2305	62-63	-0.05595535267367069
2305	64-65	-0.051818105663414826
2305	66-67	-0.6577574963432156
2305	68-69	-0.17548594826192243
2305	70-71	-0.389351395200805
2305	72-73	-0.35249533326052784
2305	74-75	-0.12516695455492055
2305	76-77	-0.055034176769048315
2305	78-79	0.011399294979277386
2305	80-81	-0.14003394700651128
2305	82-83	-0.08103296558961759
2305	84-85	-0.013366181125849863
2305	86-87	0.16125543953131327
2305	88-89	0.2857184101653836
2305	90-91	0.03460378185308599
2305	92-93	-0.2355142547448672
2305	94-95	-0.013301319312933657
2305	96-97	0.19183638125107905
2305	98-99	0.24240896082592656
2305	100-101	0.32648276709757695
2306	1	-0.9339538135150285
2306	2	-1.0945909806810228
2306	3	-0.6117294469616255
2306	4	-1.448801038874187
2306	5	-0.9976758035729176
2306	6	-0.8223135552551355
2306	7	-0.6889784241386181
2306	8	-0.6426627325662082
2306	9	-0.7098210692282976
2306	10-11	-0.5703270492439216
2306	12-13	-0.8026747329051673
2306	14-15	-1.1918646320363138
2306	16-17	-0.8986883174395786
2306	18-19	-1.2306061118672957
2306	20-21	-0.7513496960836719
2306	22-23	-0.36386286962498104
2306	24-25	-0.6576376152073209
2306	26-27	-0.9828515017969792
2306	28-29	-0.6171359782148684
2306	30-31	-0.6171658697212337
2306	32-33	-0.393996623250473
2306	34-35	-0.6258946917587238
2306	36-37	-0.4038707230631644
2306	38-39	-0.26225594320607115
2306	40-41	-0.41558274249495497
2306	42-43	-0.39289336017120036
2306	44-45	-0.5693748908691418
2306	46-47	-0.8107900165835957
2306	48-49	-0.822306301682552
2306	50-51	-0.6703305037111065
2306	52-53	-0.965677306096218
2306	54-55	-0.511323886548432
2306	56-57	-0.932858986085968
2306	58-59	-0.7315650083658838
2306	60-61	-0.9769085943186795
2306	62-63	-1.7480497203367023
2306	64-65	-1.3206961330502196
2306	66-67	-0.9265020528415633
2306	68-69	-0.48797976509848695
2306	70-71	-0.564359353098034
2306	72-73	-0.5065877284921569
2306	74-75	-0.2926459872454714
2306	76-77	-0.24353859656062582
2306	78-79	-0.2659845201757278
2306	80-81	-0.4454443627168807
2306	82-83	-0.8982425205200109
2306	84-85	-0.6766827427325168
2306	86-87	-0.3513572003908827
2306	88-89	-0.20883472504614886
2306	90-91	-0.5776281515387218
2306	92-93	-0.7771705153966799
2306	94-95	-0.5625823907885774
2306	96-97	-0.3476318439696797
2306	98-99	-0.31404941587211255
2306	100-101	-0.298242165071688
2307	1	-0.5008633516548286
2307	2	-0.569136437763234
2307	3	-0.30807010155213277
2307	4	-0.5040853056124206
2307	5	-0.4444998059858847
2307	6	-0.5644256916962718
2307	7	-0.3549234038534195
2307	8	-0.22967999039509834
2307	9	-0.25624056630556424
2307	10-11	-0.5328894408450111
2307	12-13	-0.599862820561377
2307	14-15	-0.4992436121169206
2307	16-17	-0.3946410919822796
2307	18-19	-0.5434995949827552
2307	20-21	-0.4961414433453015
2307	22-23	-0.3888688500356139
2307	24-25	-0.41016092993014297
2307	26-27	-0.509399610046593
2307	28-29	-0.895197263535124
2307	30-31	-0.6358412239860485
2307	32-33	-0.9066741425127205
2307	34-35	-0.8064369469430304
2307	36-37	-0.6386228163337364
2307	38-39	-0.44984070268448306
2307	40-41	-0.4431156366560245
2307	42-43	-0.40582431756709525
2307	44-45	-0.7249763762179526
2307	46-47	-1.2032627724202456
2307	48-49	-0.9344423147387388
2307	50-51	-0.6565782069924282
2307	52-53	-0.48060797518937903
2307	54-55	-0.34779302991264416
2307	56-57	-0.3579949944491645
2307	58-59	-0.32724740873402425
2307	60-61	-0.4144057087546926
2307	62-63	-0.5268928349497841
2307	64-65	-0.3797341855849936
2307	66-67	-0.23787232283141435
2307	68-69	-0.17980064349206515
2307	70-71	-0.4264463749854386
2307	72-73	-0.48823636598591946
2307	74-75	-0.5506403788506269
2307	76-77	-0.2686457461130054
2307	78-79	-0.37321730997449976
2307	80-81	-0.3381571594257906
2307	82-83	-0.2434761681240296
2307	84-85	-0.1943320094694876
2307	86-87	-0.11175797795841547
2307	88-89	-0.04932127108820694
2307	90-91	-0.23271659312361948
2307	92-93	-0.3146093763206146
2307	94-95	-1.776783275381998
2307	96-97	-1.2268157849118921
2307	98-99	-0.7333905141418668
2307	100-101	-0.5013449486072048
2308	1	-1.233058791421481
2308	2	-1.0343513326767955
2308	3	-0.6829795318844347
2308	4	-0.5181191734079533
2308	5	-0.5670095987047574
2308	6	-0.8742655769324301
2308	7	-0.613806433700816
2308	8	-0.5750148499925558
2308	9	-0.5912511784000642
2308	10-11	-0.6635918534645029
2308	12-13	-0.5686043452501437
2308	14-15	-1.011807874094842
2308	16-17	-0.9061303736049879
2308	18-19	-0.846804042459226
2308	20-21	-1.0660184978875336
2308	22-23	-0.8623257667932549
2308	24-25	-0.8700825099506986
2308	26-27	-0.9139984113708621
2308	28-29	-0.9004363108096598
2308	30-31	-0.905009572564488
2308	32-33	-0.9436610211731065
2308	34-35	-1.0611038205104748
2308	36-37	-0.9698523066537632
2308	38-39	-1.3180936164921064
2308	40-41	-1.3491535684197729
2308	42-43	-1.1584984122952733
2308	44-45	-1.307015928929232
2308	46-47	-1.3218889472295388
2308	48-49	-1.1631367378052389
2308	50-51	-1.3270956929403113
2308	52-53	-1.2034724799992134
2308	54-55	-1.187870124729038
2308	56-57	-1.1898244531810818
2308	58-59	-1.4491450132168922
2308	60-61	-1.343087493879473
2308	62-63	-1.1699042892140525
2308	64-65	-0.9588964889921598
2308	66-67	-1.0952597460157918
2308	68-69	-1.4304902542947175
2308	70-71	-1.0693680587261447
2308	72-73	-0.9323232659298384
2308	74-75	-1.0451856671912694
2308	76-77	-1.0257904823765571
2308	78-79	-0.8598417413682853
2308	80-81	-0.8551836432644677
2308	82-83	-0.88337571806764
2308	84-85	-0.8729278646831808
2308	86-87	-0.9261275267501752
2308	88-89	-0.8837584382632251
2308	90-91	-0.819550123781486
2308	92-93	-1.0623413513382225
2308	94-95	-0.9306434483585981
2308	96-97	-1.1088103259145257
2308	98-99	-1.3318399385018296
2308	100-101	-2.18205181889984
>>END_MODULE
>>Per sequence quality scores	pass
#Quality	Count
2	936.0
3	290.0
4	561.0
5	737.0
6	997.0
7	1436.0
8	2474.0
9	3917.0
10	4993.0
11	6308.0
12	7415.0
13	8688.0
14	9540.0
15	10630.0
16	11560.0
17	12417.0
18	13411.0
19	14331.0
20	15236.0
21	15963.0
22	17089.0
23	19659.0
24	23212.0
25	28491.0
26	35962.0
27	44682.0
28	56230.0
29	70267.0
30	87834.0
31	111143.0
32	143014.0
33	192456.0
34	279919.0
35	473290.0
36	1012715.0
37	1641985.0
38	603619.0
39	16592.0
40	1.0
>>END_MODULE
>>Per base sequence content	warn
#Base	G	A	T	C
1	23.03618	38.13862	19.65196	19.17324
2	21.38617406078837	33.42458355875879	30.956667310025093	14.232575070427748
3	18.94528941102861	31.420848699519116	31.378883185250544	18.254978704201733
4	22.3413	30.57162	28.21448	18.872600000000002
5	23.576600160440545	29.566860527325794	25.55758689579545	21.298952416438215
6	22.77564	28.00716	24.91228	24.30492
7	24.695919999999997	27.955619999999996	25.83128	21.51718
8	21.937456934011653	27.276989436144326	26.876516997876827	23.90903663196719
9	22.891495662170502	26.07589731610175	27.215945068426468	23.81666195330128
10-11	23.349239999999998	27.879399999999997	26.129160000000002	22.642200000000003
12-13	23.020219317614533	27.806891856431527	26.44499699192299	22.72789183403095
14-15	22.859180000000002	27.81935	26.55871	22.76276
16-17	23.25489465097893	27.855635571127113	26.31809526361905	22.571374514274904
18-19	23.328861637600646	27.549739073303975	26.17201011806577	22.949389171029612
20-21	23.25929349868621	27.39202196313303	26.27377390941888	23.074910628761888
22-23	23.427463581388167	27.78564679886622	26.01799710235132	22.768892517394292
24-25	23.36236	27.56041	26.07756	22.99967
26-27	23.38293212253348	27.49100401044115	26.11402254247967	23.012041324545702
28-29	23.615777148201694	27.64923340088697	25.933086294505593	22.801903156405743
30-31	23.567899620781574	27.395458400037686	25.941102678812083	23.095539300368657
32-33	23.432759668694242	27.399910759055153	26.033119973257723	23.134209598992882
34-35	23.621511524917132	27.640826562457647	25.910391084899487	22.827270827725737
36-37	23.516379852924423	27.50157448097636	25.944916119194684	23.03712954690453
38-39	23.432775884943695	27.43564239088199	26.054188564281596	23.07739315989272
40-41	23.67126596523063	27.592060979410167	25.855622749506047	22.881050305853154
42-43	23.61411	27.39356	25.833119999999997	23.159209999999998
44-45	23.464225497470895	27.37898991757654	26.01884279139724	23.13794179355533
46-47	23.603485979958855	27.6659758547847	25.902835528771096	22.82770263648535
48-49	23.590737845777703	27.465396228286888	25.88486530510362	23.05900062083179
50-51	23.520282682232914	27.40598327524794	25.955328654499137	23.118405388020008
52-53	23.71439861351404	27.55652851646342	25.787046709491122	22.942026160531416
54-55	23.605108666062748	27.405355606657594	25.848425758708277	23.14110996857138
56-57	23.424098418675595	27.407506228121818	26.055925538754664	23.112469814447923
58-59	23.64332150859914	27.598905602899936	25.89667789738072	22.861094991120197
60-61	23.608085794636143	27.48917361449117	25.841626903499236	23.06111368737345
62-63	23.52863350217258	27.416789587635567	25.97217902626592	23.082397883925935
64-65	23.71729304781132	27.634676979657897	25.78025464330616	22.867775329224617
66-67	23.58893907354411	27.566745780332276	25.771648240922612	23.072666905201004
68-69	23.402797406189197	27.57138190617529	25.984956185385023	23.040864502250493
70-71	23.602578453529922	27.75009758156724	25.829958356197373	22.81736560870547
72-73	23.624366128068488	27.539003541020808	25.77595486633802	23.06067546457269
74-75	23.553665863942204	27.477418374122937	25.890844140778135	23.078071621156724
76-77	23.63684182894115	27.642711961019124	25.81183076619224	22.908615443847484
78-79	23.567711758495822	27.50853795332169	25.852977669044975	23.070772619137518
80-81	23.39436277257883	27.48658216169899	26.021849614790693	23.097205450931487
82-83	23.626235102589906	27.7175607154497	25.811910287672163	22.844293894288228
84-85	23.601413094554875	27.510383356948577	25.79923573212804	23.08896781636851
86-87	23.494796754211436	27.46055165285454	25.92754816242383	23.117103430510188
88-89	23.67735447494094	27.656236468233086	25.80808586888019	22.85832318794578
90-91	23.55497566708508	27.53281523385279	25.84691184388533	23.065297255176795
92-93	23.44210139356348	27.491807744401626	25.98992088553163	23.076169976503266
94-95	23.644114728822945	27.659355531871103	25.769255153851027	22.927274585454917
96-97	23.62975126677614	27.49356474420827	25.74205316784785	23.13463082116774
98-99	23.517248772444844	27.44054525029005	25.916908851017173	23.12529712624793
100-101	23.754058155436166	27.572876796575972	25.71265284489634	22.960412203091522
>>END_MODULE
>>Per sequence GC content	pass
#GC Content	Count
0	0.0
1	0.0
2	0.0
3	0.0
4	1.5
5	2.5
6	2.0
7	2.0
8	5.0
9	7.0
10	8.0
11	14.5
12	15.5
13	18.0
14	29.0
15	43.5
16	67.5
17	99.0
18	127.0
19	177.0
20	274.0
21	380.0
22	596.5
23	961.0
24	1377.5
25	1847.5
26	2490.5
27	3388.5
28	4740.5
29	6658.0
30	9223.5
31	12802.0
32	17486.5
33	23567.5
34	31679.0
35	42558.0
36	56249.5
37	73359.0
38	95239.5
39	122678.0
40	155712.0
41	192479.0
42	231475.0
43	271688.0
44	310815.5
45	342208.0
46	362394.0
47	371371.5
48	366025.5
49	346184.0
50	315620.5
51	277360.5
52	234008.0
53	189768.0
54	147580.0
55	111279.0
56	81861.0
57	57627.5
58	39298.5
59	26609.5
60	17823.0
61	11817.5
62	7891.0
63	5428.5
64	4092.0
65	3238.0
66	2481.5
67	1909.5
68	1520.5
69	1174.5
70	897.5
71	663.5
72	443.5
73	291.5
74	199.5
75	154.0
76	109.5
77	80.0
78	60.0
79	46.5
80	31.0
81	18.0
82	13.5
83	13.5
84	11.0
85	8.0
86	9.0
87	9.0
88	7.0
89	4.5
90	4.0
91	2.5
92	2.0
93	1.0
94	0.5
95	1.5
96	1.0
97	0.0
98	0.0
99	0.5
100	0.5
>>END_MODULE
>>Per base N content	pass
#Base	N-Count
1	0.0
2	0.0039
3	0.013139999999999999
4	0.0
5	3.4E-4
6	0.0
7	0.0
8	0.0081
9	6.8E-4
10-11	0.0
12-13	0.0025599999999999998
14-15	0.0
16-17	1.9999999999999998E-5
18-19	6.5E-4
20-21	0.00698
22-23	0.0016799999999999999
24-25	0.0
26-27	0.011000000000000001
28-29	0.01032
30-31	0.012769999999999998
32-33	0.02347
34-35	0.02401
36-37	0.014669999999999999
38-39	0.01765
40-41	0.01084
42-43	0.0
44-45	0.0042
46-47	0.0017200000000000002
48-49	0.0051199999999999996
50-51	0.00928
52-53	0.01197
54-55	0.00834
56-57	0.0059700000000000005
58-59	0.00339
60-61	0.005869999999999999
62-63	0.0034999999999999996
64-65	0.00444
66-67	4.1999999999999996E-4
68-69	0.01738
70-71	0.00673
72-73	0.02318
74-75	0.0072
76-77	0.0022500000000000003
78-79	0.01995
80-81	0.01929
82-83	0.00527
84-85	0.0010299999999999999
86-87	8.8E-4
88-89	0.00382
90-91	0.00376
92-93	0.00312
94-95	1.9999999999999998E-5
96-97	8.999999999999999E-5
98-99	4.1999999999999996E-4
100-101	7.5E-4
>>END_MODULE
>>Sequence Length Distribution	pass
#Length	Count
101	5000000.0
>>END_MODULE
>>Sequence Duplication Levels	warn
#Total Deduplicated Percentage	67.97751638991764
#Duplication Level	Percentage of deduplicated	Percentage of total
1	68.49464363172798	46.560957600973566
2	21.277243203001436	28.927482971285873
3	6.929265958317863	14.131028707549525
4	2.200196715932962	5.982556332735036
5	0.7062619561440233	2.4004966849677816
6	0.21772773635541193	0.8880354459983808
7	0.0771219395450731	0.3669790536613211
8	0.03632394662500079	0.19753693416379878
9	0.020337146043667664	0.12442218106568105
>10	0.040552146521586015	0.39188304195928103
>50	2.365332233732224E-4	0.010961610731919804
>100	8.908656165851376E-5	0.017659434907833546
>500	0.0	0.0
>1k	0.0	0.0
>5k	0.0	0.0
>10k+	0.0	0.0
>>END_MODULE
>>Overrepresented sequences	pass
>>END_MODULE
>>Adapter Content	pass
#Position	Illumina Universal Adapter	Illumina Small RNA 3' Adapter	Illumina Small RNA 5' Adapter	Nextera Transposase Sequence	SOLID Small RNA Adapter
1	0.02074	0.0	0.0	0.0	0.0
2	0.02106	0.0	0.0	0.0	0.0
3	0.0216	0.0	0.0	0.0	0.0
4	0.02262	0.0	0.0	0.0	0.0
5	0.02358	0.0	0.0	0.0	0.0
6	0.02474	0.0	0.0	0.0	0.0
7	0.0253	0.0	0.0	0.0	0.0
8	0.02608	0.0	0.0	0.0	0.0
9	0.0271	0.0	0.0	0.0	0.0
10-11	0.02851	0.0	0.0	0.0	0.0
12-13	0.029969999999999997	0.0	0.0	0.0	0.0
14-15	0.03225	0.0	0.0	0.0	0.0
16-17	0.034390000000000004	0.0	0.0	0.0	0.0
18-19	0.03647	0.0	0.0	0.0	0.0
20-21	0.03891	0.0	0.0	0.0	0.0
22-23	0.04073	0.0	0.0	0.0	0.0
24-25	0.04262	0.0	0.0	0.0	0.0
26-27	0.04456	0.0	0.0	0.0	0.0
28-29	0.046299999999999994	0.0	0.0	0.0	0.0
30-31	0.04772	0.0	0.0	0.0	0.0
32-33	0.04882	0.0	0.0	0.0	0.0
34-35	0.04983	0.0	0.0	0.0	0.0
36-37	0.05076	0.0	0.0	0.0	0.0
38-39	0.051739999999999994	0.0	0.0	0.0	0.0
40-41	0.05297	0.0	0.0	0.0	0.0
42-43	0.053919999999999996	0.0	0.0	0.0	0.0
44-45	0.05484	0.0	0.0	0.0	0.0
46-47	0.0558	0.0	0.0	0.0	0.0
48-49	0.05686	0.0	0.0	0.0	0.0
50-51	0.05786	0.0	0.0	0.0	0.0
52-53	0.05894	0.0	0.0	0.0	0.0
54-55	0.05989	0.0	0.0	0.0	0.0
56-57	0.0608	0.0	0.0	0.0	0.0
58-59	0.06186	0.0	0.0	0.0	0.0
60-61	0.06269	0.0	0.0	0.0	0.0
62-63	0.06387	0.0	0.0	0.0	0.0
64-65	0.06509999999999999	0.0	0.0	0.0	0.0
66-67	0.06649	0.0	0.0	0.0	0.0
68-69	0.06817000000000001	0.0	0.0	0.0	0.0
70-71	0.06949	0.0	0.0	0.0	0.0
72-73	0.07100000000000001	0.0	0.0	0.0	2.0E-5
74-75	0.07275000000000001	0.0	0.0	0.0	2.0E-5
76-77	0.07436	0.0	0.0	0.0	2.0E-5
78-79	0.07619000000000001	0.0	0.0	0.0	2.0E-5
80-81	0.07807	0.0	0.0	0.0	2.0E-5
82-83	0.08005000000000001	0.0	0.0	0.0	2.0E-5
84-85	0.08248	0.0	0.0	1.0E-5	2.0E-5
86-87	0.0849	0.0	0.0	2.0E-5	2.0E-5
88-89	0.08742	0.0	0.0	2.0E-5	2.0E-5
90	0.08946	0.0	0.0	2.0E-5	2.0E-5
>>END_MODULE
