##FastQC	0.11.9
>>Basic Statistics	pass
#Measure	Value
Filename	mp1.fastq
File type	Conventional base calls
Encoding	Sanger / Illumina 1.9
Total Sequences	1500000
Sequences flagged as poor quality	0
Sequence length	251
%GC	44
>>END_MODULE
>>Per base sequence quality	warn
#Base	Mean	Median	Lower Quartile	Upper Quartile	10th Percentile	90th Percentile
1	32.36760666666667	33.0	32.0	34.0	32.0	34.0
2	32.729154666666666	33.0	32.0	34.0	32.0	34.0
3	32.83870533333333	33.0	32.0	34.0	32.0	34.0
4	32.857264666666666	33.0	32.0	34.0	32.0	34.0
5	32.38617933333333	33.0	32.0	34.0	32.0	34.0
6	35.004755333333335	37.0	34.0	37.0	32.0	37.0
7	34.97258866666667	37.0	34.0	37.0	32.0	37.0
8	35.042706	37.0	34.0	37.0	32.0	37.0
9	35.098587333333334	37.0	34.0	37.0	32.0	37.0
10-14	35.6326036	37.4	35.4	37.4	32.8	37.4
15-19	36.7742584	38.0	37.8	38.0	35.2	38.0
20-24	37.001463199999996	38.4	38.0	38.4	35.0	38.4
25-29	37.22858453333333	39.0	38.0	39.0	34.8	39.0
30-34	37.278977999999995	39.0	38.0	39.0	35.4	39.0
35-39	37.06429133333334	38.6	37.6	39.0	34.6	39.0
40-44	37.0076272	38.6	37.6	39.0	34.2	39.0
45-49	37.100076666666666	38.8	37.6	39.0	35.0	39.0
50-54	37.18749373333333	39.0	38.0	39.0	35.4	39.0
55-59	37.1768456	39.0	38.0	39.0	35.2	39.0
60-64	37.150771199999994	38.8	37.8	39.0	35.2	39.0
65-69	37.03316253333334	38.8	37.6	39.0	34.8	39.0
70-74	37.0673552	38.8	37.8	39.0	34.8	39.0
75-79	37.0206144	38.8	37.6	39.0	34.6	39.0
80-84	37.08219013333333	39.0	38.0	39.0	35.0	39.0
85-89	37.090620933333334	39.0	38.0	39.0	34.8	39.0
90-94	36.61169146666667	38.6	37.6	39.0	31.0	39.0
95-99	36.88512386666667	38.4	37.2	39.0	33.8	39.0
100-104	36.576064933333335	38.0	37.0	39.0	32.8	39.0
105-109	36.393263733333335	38.0	37.0	39.0	30.0	39.0
110-114	36.739245733333334	38.2	37.0	39.0	33.2	39.0
115-119	36.5610336	38.0	37.0	39.0	33.0	39.0
120-124	36.5570204	38.0	37.0	39.0	33.0	39.0
125-129	35.9964548	38.0	36.8	39.0	29.0	39.0
130-134	36.238960399999996	38.0	37.0	39.0	31.8	39.0
135-139	36.05745333333333	38.0	37.0	39.0	30.4	39.0
140-144	35.96018826666666	38.0	37.0	39.0	29.6	39.0
145-149	35.885588	38.0	37.0	39.0	30.0	39.0
150-154	35.46358733333334	38.0	36.6	39.0	26.0	39.0
155-159	35.34330786666667	38.0	36.4	39.0	27.0	39.0
160-164	35.076740799999996	38.0	35.8	39.0	24.2	39.0
165-169	34.3352916	38.0	34.2	39.0	19.4	39.0
170-174	34.5319	38.0	34.6	39.0	17.6	39.0
175-179	34.2218644	38.0	34.0	39.0	15.6	39.0
180-184	33.840469733333336	38.0	34.0	39.0	15.0	39.0
185-189	33.29643986666666	37.4	33.0	38.4	15.0	39.0
190-194	32.703978533333334	37.0	31.6	38.0	15.0	39.0
195-199	32.439091866666665	37.0	31.4	38.0	15.0	39.0
200-204	31.21468546666667	37.0	25.4	38.0	14.4	39.0
205-209	30.7251936	37.0	23.2	38.0	14.0	38.0
210-214	30.692178266666666	37.0	24.6	37.8	14.0	38.0
215-219	30.209134133333333	36.6	24.0	37.0	14.0	38.0
220-224	29.637308666666666	35.8	19.0	37.0	14.0	38.0
225-229	29.0202276	34.4	15.0	37.0	14.0	38.0
230-234	28.0756812	33.0	15.0	37.0	13.8	37.0
235-239	27.835861466666664	33.0	15.0	37.0	13.8	37.0
240-244	27.44728333333334	32.8	14.6	37.0	13.4	37.0
245-249	26.877134533333333	32.0	14.0	37.0	13.0	37.0
250-251	23.806672	23.5	14.0	32.0	13.0	37.0
>>END_MODULE
>>Per tile sequence quality	warn
#Tile	Base	Mean
1101	1	0.006010117494653855
1101	2	0.16810276611270325
1101	3	0.17157176363307514
1101	4	0.10765512024590151
1101	5	0.40542176609255876
1101	6	0.3075062703616567
1101	7	0.46220687969785246
1101	8	0.323556380209439
1101	9	0.2621782972965363
1101	10-14	0.4017504628200754
1101	15-19	0.25054269277310937
1101	20-24	0.2413507240195969
1101	25-29	0.25492530853979645
1101	30-34	0.23290221571205194
1101	35-39	0.5162210170250816
1101	40-44	0.568393397428018
1101	45-49	0.36450255808241394
1101	50-54	0.2384502572113334
1101	55-59	0.3200235610278952
1101	60-64	0.2502532192486271
1101	65-69	0.41677860896712815
1101	70-74	0.294295563003665
1101	75-79	0.28875095559641295
1101	80-84	0.19123636467563188
1101	85-89	0.1884083160566945
1101	90-94	0.6250578723064777
1101	95-99	0.21991104295886288
1101	100-104	0.4694775336778676
1101	105-109	0.7178515979482043
1101	110-114	0.3303798131546998
1101	115-119	0.4883951866945182
1101	120-124	0.2675596860629881
1101	125-129	0.8819184837783851
1101	130-134	0.47868715892736446
1101	135-139	0.45415591630181495
1101	140-144	0.5764946099825536
1101	145-149	0.49018497328721367
1101	150-154	0.5901579508791457
1101	155-159	0.5646623398301998
1101	160-164	0.4589630319984934
1101	165-169	1.1575657616262873
1101	170-174	0.6207779411985399
1101	175-179	0.40432602716709454
1101	180-184	0.40704939254565176
1101	185-189	0.42497655259976597
1101	190-194	0.6170617165883243
1101	195-199	0.4342451141439909
1101	200-204	1.098979019762016
1101	205-209	1.1909059251118777
1101	210-214	0.5044002551008262
1101	215-219	0.24987022872111808
1101	220-224	0.4816759406597626
1101	225-229	0.4500083208026915
1101	230-234	0.8718396210237245
1101	235-239	0.745621636754926
1101	240-244	0.28828813308072654
1101	245-249	0.4362827698907594
1101	250-251	0.2309429221800805
1102	1	-0.02528259066134808
1102	2	0.11542324914088198
1102	3	0.19235403518909067
1102	4	0.11455764703047322
1102	5	0.4495934936436683
1102	6	0.38743594098883705
1102	7	0.48699359102199224
1102	8	0.3157290156774053
1102	9	0.3296229147100789
1102	10-14	0.38892148823970274
1102	15-19	0.3133815806023037
1102	20-24	0.27828157534889186
1102	25-29	0.3678925558493802
1102	30-34	0.267544644827197
1102	35-39	0.6239609398658317
1102	40-44	0.80838518652331
1102	45-49	0.5690632678436813
1102	50-54	0.3072691927471922
1102	55-59	0.421191170820542
1102	60-64	0.3266830686561235
1102	65-69	0.5033682052517747
1102	70-74	0.45580713518339877
1102	75-79	0.5097377477306182
1102	80-84	0.30891278119342047
1102	85-89	0.23244761627702815
1102	90-94	0.7471678355317337
1102	95-99	0.26839100007893535
1102	100-104	0.4984005993466454
1102	105-109	0.6936652192990138
1102	110-114	0.2890214656180774
1102	115-119	0.35868282131814055
1102	120-124	0.030025767369409095
1102	125-129	0.7958193882085141
1102	130-134	0.3512120087074564
1102	135-139	0.5298644572151687
1102	140-144	0.20985313664133542
1102	145-149	0.4980560928485147
1102	150-154	0.42838507913402424
1102	155-159	0.514094823427186
1102	160-164	0.3805620185226246
1102	165-169	1.0136935509239464
1102	170-174	0.3089276093781663
1102	175-179	0.449729527159235
1102	180-184	0.6505593936463683
1102	185-189	0.6297794532847405
1102	190-194	0.7642224937596751
1102	195-199	0.5114280286254669
1102	200-204	1.4067664236462356
1102	205-209	1.2762345219632891
1102	210-214	0.8135016430240292
1102	215-219	0.6038589782092139
1102	220-224	0.09742881088713062
1102	225-229	0.20765669991814306
1102	230-234	0.7965504105353709
1102	235-239	0.871581358883148
1102	240-244	0.5915453189896951
1102	245-249	0.8647684220013616
1102	250-251	0.5928265830266461
1103	1	0.39645704221317857
1103	2	0.28345933849163885
1103	3	0.10262648273816666
1103	4	0.13465561694080463
1103	5	0.42697448448434727
1103	6	0.11961292183475791
1103	7	0.28937338630277054
1103	8	0.16275310206989246
1103	9	0.10833085546264698
1103	10-14	0.29579567399972007
1103	15-19	0.21877874907643502
1103	20-24	0.15801687549117105
1103	25-29	0.22278796548989277
1103	30-34	0.10117664234089574
1103	35-39	0.0345106067822627
1103	40-44	-0.02731536700066073
1103	45-49	-0.34202381627660117
1103	50-54	0.31195684128754664
1103	55-59	0.27563541725942287
1103	60-64	0.09726762855286353
1103	65-69	0.2625512458784627
1103	70-74	0.09519848924155383
1103	75-79	0.06134731874056598
1103	80-84	0.058148381296760476
1103	85-89	0.01768408992070647
1103	90-94	0.4447168740410419
1103	95-99	0.18837745001405182
1103	100-104	0.39039900928091953
1103	105-109	0.6027597421756568
1103	110-114	0.1670529221018313
1103	115-119	0.3936479636546153
1103	120-124	0.12027312495042963
1103	125-129	0.7809546474296312
1103	130-134	0.27176291344813563
1103	135-139	0.5044075188512878
1103	140-144	0.26675324260326505
1103	145-149	0.28535405914611545
1103	150-154	0.6666420581643067
1103	155-159	0.31202882643618324
1103	160-164	0.1259042039783438
1103	165-169	0.7961305732861845
1103	170-174	0.14297159741399668
1103	175-179	0.24662190511457283
1103	180-184	0.13289565317769814
1103	185-189	-0.0442350724496805
1103	190-194	0.5837187467649372
1103	195-199	-0.1476829426080215
1103	200-204	0.69658595026009
1103	205-209	1.1083005039012441
1103	210-214	0.22170598615446835
1103	215-219	0.20046942403321566
1103	220-224	0.3058064494125752
1103	225-229	0.24187152854316807
1103	230-234	0.6575062378101322
1103	235-239	0.3223942064567282
1103	240-244	0.3055318182524971
1103	245-249	0.39164604448951224
1103	250-251	0.2902589140465537
1104	1	-0.020670910509238638
1104	2	-0.0433018524534603
1104	3	0.07494226120068959
1104	4	0.09362236271955737
1104	5	0.45550158691778364
1104	6	0.21915038702187672
1104	7	0.47060623172799154
1104	8	0.03242514707920208
1104	9	0.22301622718386227
1104	10-14	0.17123782149519684
1104	15-19	0.15086657084705735
1104	20-24	0.2401489949601796
1104	25-29	0.25586481496856095
1104	30-34	0.11450118249362617
1104	35-39	-0.09773362935904828
1104	40-44	-0.16985680613110787
1104	45-49	-0.6768311656285348
1104	50-54	0.18657462810142533
1104	55-59	-0.09710165686763617
1104	60-64	0.05275405806185063
1104	65-69	0.15863489016439303
1104	70-74	-0.09874225162252515
1104	75-79	-0.1316493738025173
1104	80-84	0.14798273818865226
1104	85-89	0.03524607924992296
1104	90-94	0.577297948843281
1104	95-99	0.14814303839401788
1104	100-104	0.09013025503017502
1104	105-109	0.6022512748181086
1104	110-114	0.16407210868194966
1104	115-119	0.2543617025528917
1104	120-124	0.30270524776153707
1104	125-129	0.8603911527146479
1104	130-134	0.41428147679589955
1104	135-139	0.47589471378203285
1104	140-144	0.3238895517429228
1104	145-149	0.37361230356733444
1104	150-154	0.555391190821048
1104	155-159	0.22847607984012086
1104	160-164	0.236235503466375
1104	165-169	0.6525278957095964
1104	170-174	0.3065282676411343
1104	175-179	0.41544708768346084
1104	180-184	0.5208249496351769
1104	185-189	0.3153855515162505
1104	190-194	0.7108749793117468
1104	195-199	0.3744591379613098
1104	200-204	1.2096451265074997
1104	205-209	1.0947685976740935
1104	210-214	0.4989603999679666
1104	215-219	0.2991232397222099
1104	220-224	0.3307552051256337
1104	225-229	0.48043850554105916
1104	230-234	0.8847338365249868
1104	235-239	0.6845962828683554
1104	240-244	0.4625387754584942
1104	245-249	0.5943162853765713
1104	250-251	0.5457942260627
1105	1	0.3630287770175187
1105	2	0.21518503252359267
1105	3	0.2058548340034747
1105	4	0.011335263234634851
1105	5	0.45893690582771285
1105	6	0.09398656715624298
1105	7	0.3153719421075323
1105	8	0.22270509581791487
1105	9	0.17398782593512863
1105	10-14	0.19889667415382206
1105	15-19	0.05373184016474397
1105	20-24	0.025334563137548116
1105	25-29	0.17128612410517974
1105	30-34	0.06374289426064905
1105	35-39	-0.4407081336905634
1105	40-44	-0.4530180106842536
1105	45-49	-1.3200364328272656
1105	50-54	0.15024112351011354
1105	55-59	-0.1474324169773027
1105	60-64	-0.19472104784959754
1105	65-69	-0.0853591796653248
1105	70-74	-0.07709176012664898
1105	75-79	-0.17086345933571323
1105	80-84	0.17954754264251704
1105	85-89	0.2182154530988214
1105	90-94	0.5302169176960945
1105	95-99	0.11764170243666427
1105	100-104	0.5786434890629053
1105	105-109	0.5758209804430621
1105	110-114	0.12243367055469889
1105	115-119	0.332892120436874
1105	120-124	0.3815180598900767
1105	125-129	0.8997829909658535
1105	130-134	-0.03790492880395391
1105	135-139	0.0995870938179948
1105	140-144	-0.049308574868973665
1105	145-149	0.18114859792206772
1105	150-154	0.5552618402516103
1105	155-159	0.4620699647692774
1105	160-164	0.3773812120752851
1105	165-169	0.8799037373046801
1105	170-174	0.3615310687250002
1105	175-179	0.3498834747787356
1105	180-184	0.40971212110650157
1105	185-189	0.3099652002632425
1105	190-194	0.3965237059796607
1105	195-199	0.3527789303037494
1105	200-204	1.0174067774924573
1105	205-209	1.2280211640039091
1105	210-214	0.6831210326936237
1105	215-219	0.5066983211060325
1105	220-224	0.34389773094858
1105	225-229	0.5268182860696093
1105	230-234	0.8769841590850298
1105	235-239	0.5357193288220969
1105	240-244	0.2613814053424335
1105	245-249	0.3044281981104753
1105	250-251	0.3537684074713425
1106	1	0.055942087003380436
1106	2	0.16235752257394864
1106	3	0.15684368231039514
1106	4	0.18599632034347735
1106	5	0.4544691973860182
1106	6	0.12498457530089269
1106	7	0.3661526954680667
1106	8	-0.017146844218373758
1106	9	0.08946689219032322
1106	10-14	-0.19116023049524955
1106	15-19	0.10107466852229408
1106	20-24	0.25439243867162986
1106	25-29	0.07863407657804089
1106	30-34	0.23153493993847718
1106	35-39	0.38666042119333355
1106	40-44	0.48536045724379306
1106	45-49	0.39808078227385124
1106	50-54	0.3577382724985796
1106	55-59	0.13079216375062686
1106	60-64	0.20267730781024085
1106	65-69	0.3500493722134479
1106	70-74	0.32646531018931313
1106	75-79	0.2658068096225463
1106	80-84	0.08168758317312097
1106	85-89	0.09900079119411487
1106	90-94	0.44295530464000166
1106	95-99	0.09386739660018151
1106	100-104	0.5964814784062824
1106	105-109	0.5993183239938062
1106	110-114	0.21341436073065267
1106	115-119	0.48342316949353403
1106	120-124	0.5073229408988809
1106	125-129	0.8075758360827194
1106	130-134	0.02826391850126697
1106	135-139	0.16774326953276386
1106	140-144	0.23074195353133575
1106	145-149	0.007743671451187595
1106	150-154	0.3933674394070934
1106	155-159	0.3966842306145466
1106	160-164	0.04066398811291805
1106	165-169	0.663432788726908
1106	170-174	0.14162349543666153
1106	175-179	0.06725841554320056
1106	180-184	0.13757815823900188
1106	185-189	0.1742972641258973
1106	190-194	0.28255293077421584
1106	195-199	0.06058232223692528
1106	200-204	0.9250267318762688
1106	205-209	0.8593235850520813
1106	210-214	0.22969606245587926
1106	215-219	-1.2587786261541076
1106	220-224	-0.2967443052900869
1106	225-229	0.11533863034851422
1106	230-234	0.09821027704756347
1106	235-239	0.23853422111935174
1106	240-244	-0.005468024647893088
1106	245-249	0.17235046566634793
1106	250-251	-0.06869575743270673
1107	1	-0.26510582676928607
1107	2	0.0332215535467455
1107	3	0.08896065577163625
1107	4	0.10835820217847925
1107	5	0.4847905256089362
1107	6	0.37126267591399653
1107	7	0.35339065944788217
1107	8	0.2538684021748807
1107	9	0.23843499088823705
1107	10-14	0.20110734625188087
1107	15-19	0.18423119193734294
1107	20-24	0.2975540106816936
1107	25-29	0.23788690270030344
1107	30-34	-0.043575195797814104
1107	35-39	-0.24770815896962262
1107	40-44	-0.08944885980796613
1107	45-49	0.03207386333501461
1107	50-54	0.29835897088958063
1107	55-59	0.0852053448867025
1107	60-64	0.2945582821830115
1107	65-69	0.2755906991757371
1107	70-74	0.26826176756656395
1107	75-79	0.35282464758748944
1107	80-84	0.1224596545637695
1107	85-89	0.30895961453813925
1107	90-94	0.5276860320983019
1107	95-99	0.3573717942718915
1107	100-104	0.7400237981175053
1107	105-109	0.6492482254946808
1107	110-114	0.1717188328282262
1107	115-119	0.3993097161090944
1107	120-124	0.43587622448567487
1107	125-129	0.7180759500246054
1107	130-134	0.2598656564785813
1107	135-139	0.3801017755365379
1107	140-144	0.12077062082347112
1107	145-149	0.3548157954490492
1107	150-154	0.6660523707146879
1107	155-159	0.3393247488319133
1107	160-164	-0.17784091866081297
1107	165-169	0.9928038416710976
1107	170-174	0.19985389319079871
1107	175-179	0.3471048182525891
1107	180-184	0.418697491751729
1107	185-189	0.3634561124401614
1107	190-194	0.37153903592560056
1107	195-199	0.06975318899524297
1107	200-204	0.7527200573063979
1107	205-209	1.059681926203762
1107	210-214	0.5200860103577654
1107	215-219	0.2009329433104412
1107	220-224	0.28550753778042903
1107	225-229	0.38044915397206225
1107	230-234	0.6922991723204284
1107	235-239	0.5354346504620615
1107	240-244	0.29673413855081776
1107	245-249	0.1004859643802618
1107	250-251	0.2900968131930739
1108	1	-0.07865777702831878
1108	2	0.039085976113199195
1108	3	0.039197697455215064
1108	4	0.09763183404629672
1108	5	0.36292833519442524
1108	6	0.30087159221146464
1108	7	0.41989729186287406
1108	8	0.273295999122098
1108	9	0.12370907896229255
1108	10-14	0.19449251873449924
1108	15-19	0.2199437403696578
1108	20-24	0.3043631060220022
1108	25-29	0.2446744911751253
1108	30-34	-0.09037409891146808
1108	35-39	-0.2716143796222781
1108	40-44	-0.12711798989780476
1108	45-49	0.35454746062529097
1108	50-54	0.3269613278646162
1108	55-59	0.2720286242582617
1108	60-64	0.29011099550129416
1108	65-69	0.21607001443189233
1108	70-74	0.18743188859247795
1108	75-79	0.2188206729811668
1108	80-84	0.20276381015905542
1108	85-89	0.2930267927170007
1108	90-94	0.762880895071234
1108	95-99	0.3998162812593691
1108	100-104	0.6522044232015105
1108	105-109	0.7457184111950639
1108	110-114	0.22629004196031133
1108	115-119	0.24313980281996095
1108	120-124	0.22745907457078118
1108	125-129	0.16818926386959987
1108	130-134	0.19557187776485563
1108	135-139	0.1941933344991611
1108	140-144	0.3485730056777854
1108	145-149	0.3394534667696476
1108	150-154	0.40872075177542655
1108	155-159	0.3287252132752059
1108	160-164	-0.18547004471357553
1108	165-169	0.8689307050224002
1108	170-174	0.24669211693733217
1108	175-179	0.422907503623712
1108	180-184	0.12460611382333298
1108	185-189	-0.0992788168003429
1108	190-194	0.2787792009020791
1108	195-199	0.030761857366343293
1108	200-204	0.7969722796146073
1108	205-209	0.8310806916408922
1108	210-214	0.41465988069290916
1108	215-219	-0.009675806888129301
1108	220-224	0.36044428216056446
1108	225-229	0.2777756134360132
1108	230-234	0.7636319417321644
1108	235-239	0.2924298987663363
1108	240-244	0.05148910646929039
1108	245-249	-0.18146111298064582
1108	250-251	0.14106034520694166
1109	1	0.3579479022078189
1109	2	-0.004117814180396806
1109	3	0.06401330791219095
1109	4	0.09338621609335718
1109	5	0.2939645143260208
1109	6	0.06088992096636758
1109	7	0.17670568142347776
1109	8	0.1942234107715919
1109	9	0.10994412866515546
1109	10-14	0.2157852447709132
1109	15-19	0.2876537102392618
1109	20-24	0.010506816446685718
1109	25-29	0.21132410664768742
1109	30-34	0.17688619724011545
1109	35-39	-0.27291385091491094
1109	40-44	-0.030756874792437827
1109	45-49	0.26836966646729365
1109	50-54	0.020977381742902423
1109	55-59	0.004592430311049611
1109	60-64	-0.06704056024791072
1109	65-69	-0.3774643063542271
1109	70-74	-0.27652878636522615
1109	75-79	-0.851221979676744
1109	80-84	0.009617517623333072
1109	85-89	0.055541058837611956
1109	90-94	0.5030883539742348
1109	95-99	0.1787063132131408
1109	100-104	0.16038716398102792
1109	105-109	0.4634050849873077
1109	110-114	0.07441180343322173
1109	115-119	0.2889186694429995
1109	120-124	0.13974030620076405
1109	125-129	0.20156882829478917
1109	130-134	0.25815173998266516
1109	135-139	0.3518768381593844
1109	140-144	0.20502589574386576
1109	145-149	0.19003823667436848
1109	150-154	-0.001290811563919192
1109	155-159	0.11971603268001019
1109	160-164	-0.1854567756530443
1109	165-169	0.4717341054764148
1109	170-174	-0.2529135993980276
1109	175-179	-0.332568190842359
1109	180-184	-0.2856261973380043
1109	185-189	0.05525524374971269
1109	190-194	0.21805509352547148
1109	195-199	-0.17113566041366823
1109	200-204	0.5470487121112413
1109	205-209	0.5384760565985793
1109	210-214	0.24804951877221626
1109	215-219	-0.2539304345632587
1109	220-224	-0.1481197169405135
1109	225-229	-0.06639730270240918
1109	230-234	0.2818401949133005
1109	235-239	-0.3964283840264713
1109	240-244	-0.11090557562824088
1109	245-249	0.12512836566532926
1109	250-251	-0.027908322930514373
1110	1	0.1549116102462591
1110	2	0.19365793450532465
1110	3	0.07839424628795655
1110	4	0.15167003047080385
1110	5	0.4325128364736557
1110	6	-0.19685840540110888
1110	7	0.10516775672444822
1110	8	0.002331090615342646
1110	9	0.006047240338148185
1110	10-14	0.2293845351774948
1110	15-19	0.22181143683522464
1110	20-24	0.14240845991063367
1110	25-29	0.2459831386378326
1110	30-34	0.32443749044887227
1110	35-39	0.4751940844371063
1110	40-44	0.5219414952873862
1110	45-49	0.3713457066519794
1110	50-54	0.31010758128662275
1110	55-59	0.3717389392707773
1110	60-64	0.3182111060974364
1110	65-69	0.03622869887519187
1110	70-74	0.1872323874336672
1110	75-79	0.10638446032685067
1110	80-84	0.002746241683027506
1110	85-89	0.07506166495444688
1110	90-94	-0.1197848133370627
1110	95-99	0.13731180274426436
1110	100-104	0.13802689140675994
1110	105-109	0.6379953852531273
1110	110-114	0.3654574307766083
1110	115-119	0.5300806917793608
1110	120-124	0.5152854695283295
1110	125-129	0.6723253733388077
1110	130-134	0.5074223202818828
1110	135-139	0.25202563971127034
1110	140-144	0.2769127996126528
1110	145-149	0.26862598819946015
1110	150-154	0.3904302448755743
1110	155-159	0.3876628648851437
1110	160-164	0.3367548295264271
1110	165-169	0.8176095571474917
1110	170-174	0.5187857315209499
1110	175-179	0.2827165638238185
1110	180-184	0.27775747976320986
1110	185-189	0.3313679189935499
1110	190-194	0.7390286239359725
1110	195-199	0.3201962154655362
1110	200-204	0.9214774811471038
1110	205-209	0.998337783938755
1110	210-214	0.5575367816697607
1110	215-219	0.3558724725171345
1110	220-224	0.42395150351973854
1110	225-229	0.4604189273657724
1110	230-234	0.7683181515472057
1110	235-239	-0.7709408000056435
1110	240-244	0.10106230972647978
1110	245-249	0.05805915253048255
1110	250-251	-0.003515576596836212
1111	1	0.3064198211265534
1111	2	-0.1295487308471266
1111	3	0.08745883721667269
1111	4	0.0011209995226622027
1111	5	0.2360020214606564
1111	6	0.24629705173348526
1111	7	0.34432562853054804
1111	8	0.1760987068635984
1111	9	0.1847310295928608
1111	10-14	-0.16949513701626984
1111	15-19	-0.03285551721927504
1111	20-24	0.10485507749125134
1111	25-29	0.21410268175253577
1111	30-34	0.05400600828698998
1111	35-39	0.07397961205587222
1111	40-44	0.05760692061244299
1111	45-49	-0.018044067198850655
1111	50-54	0.19916144579655537
1111	55-59	0.42498067258764394
1111	60-64	0.32465673878662926
1111	65-69	0.29693783604432866
1111	70-74	0.19444918704277825
1111	75-79	0.30185360384715665
1111	80-84	-0.027146557027101892
1111	85-89	0.013506404798135918
1111	90-94	-0.23050889723078427
1111	95-99	0.040273941952982284
1111	100-104	0.5093614944625315
1111	105-109	0.48139720638180705
1111	110-114	0.06872883203011781
1111	115-119	0.004506838345626818
1111	120-124	-0.06445586607342335
1111	125-129	-0.10226520100477643
1111	130-134	-0.26722738436574645
1111	135-139	-0.157460699522467
1111	140-144	-0.06100986800105801
1111	145-149	-0.20480789099179475
1111	150-154	-0.035579927733550676
1111	155-159	0.049972306419483914
1111	160-164	-0.09975468457078307
1111	165-169	0.334717105910741
1111	170-174	-0.10723922366418748
1111	175-179	-0.13327155611509767
1111	180-184	-0.2783136932164041
1111	185-189	-0.18801436692104545
1111	190-194	0.43876632679177874
1111	195-199	0.13344765655958923
1111	200-204	0.8307621140027486
1111	205-209	0.5337140255040858
1111	210-214	0.2206279815421297
1111	215-219	0.10100890836074328
1111	220-224	0.11483649289993991
1111	225-229	0.09854575591565506
1111	230-234	0.7448524842947677
1111	235-239	-0.8410756242784636
1111	240-244	0.3544486349232123
1111	245-249	-0.1915675015156637
1111	250-251	-0.5497443245344336
1112	1	0.23771648572328274
1112	2	0.1072929793098325
1112	3	-0.038210051107611775
1112	4	0.04338854871166831
1112	5	0.3021082050786248
1112	6	0.2962408872668547
1112	7	0.2254397989091501
1112	8	-0.02488853504429045
1112	9	-0.06894319500820245
1112	10-14	0.20930600914720543
1112	15-19	0.0647620501231998
1112	20-24	-0.10499896858402735
1112	25-29	0.16660881133225303
1112	30-34	0.13414087055470247
1112	35-39	0.28734808457735284
1112	40-44	0.18235007851849616
1112	45-49	0.2283209319836743
1112	50-54	0.057329558472439146
1112	55-59	0.15612088418114922
1112	60-64	0.06210939122783543
1112	65-69	0.10204079655725451
1112	70-74	-0.18412277555108858
1112	75-79	-0.13691095289721744
1112	80-84	-0.07260231973779696
1112	85-89	-0.24902859993404292
1112	90-94	0.3258184425139561
1112	95-99	0.007208571794841134
1112	100-104	0.266935957092862
1112	105-109	0.45278982570923176
1112	110-114	0.16478444843839668
1112	115-119	0.04548125231082878
1112	120-124	0.0839051554643433
1112	125-129	0.1693839741060046
1112	130-134	-0.01356402268024226
1112	135-139	0.013906227075331401
1112	140-144	0.27352484197705706
1112	145-149	-0.013510394328882569
1112	150-154	0.18267642694156194
1112	155-159	0.06723481178301682
1112	160-164	0.08778789702964929
1112	165-169	0.13043604869544367
1112	170-174	-0.1254796739010331
1112	175-179	0.1610768201661088
1112	180-184	0.048479651175327376
1112	185-189	-0.20525399200000294
1112	190-194	0.03892758797074691
1112	195-199	-0.14433323831069345
1112	200-204	0.8472980444469265
1112	205-209	0.3491061750672131
1112	210-214	0.18565250676931555
1112	215-219	-0.07986548879427247
1112	220-224	-0.01676998892624937
1112	225-229	-0.479932542432266
1112	230-234	0.3312848624151101
1112	235-239	0.28428687333241953
1112	240-244	-0.07541503057391097
1112	245-249	-0.26572550658328353
1112	250-251	-0.3820166404493861
1113	1	-0.07368892813662598
1113	2	0.05892895991519964
1113	3	0.02388376533870229
1113	4	0.06358184257005206
1113	5	0.327669259542148
1113	6	-0.0317764382276593
1113	7	0.21182325264786783
1113	8	0.22026462166865457
1113	9	0.2131911568679996
1113	10-14	0.006109504075062944
1113	15-19	0.1413278588197997
1113	20-24	0.03187983479032397
1113	25-29	0.00636808288573576
1113	30-34	0.14987262803749957
1113	35-39	-0.028360163227723945
1113	40-44	0.12291388465541075
1113	45-49	0.20017720868022337
1113	50-54	0.04317532215441844
1113	55-59	0.18834010454116168
1113	60-64	-0.1821717525579345
1113	65-69	-0.14836056279118992
1113	70-74	0.13853856233600936
1113	75-79	-0.6828642194833989
1113	80-84	0.09440714393647909
1113	85-89	-0.07915689352851274
1113	90-94	0.5604817977299348
1113	95-99	0.033140285018419036
1113	100-104	0.37661923863710456
1113	105-109	0.6427456972451893
1113	110-114	0.16658039048886053
1113	115-119	0.2739130902252853
1113	120-124	0.2701107007460166
1113	125-129	0.1343116994006337
1113	130-134	0.18117835023312523
1113	135-139	0.09762885621754691
1113	140-144	0.15769450001414498
1113	145-149	0.11302579120533096
1113	150-154	0.40555675469213526
1113	155-159	0.005338799857241838
1113	160-164	0.19939606067443805
1113	165-169	0.3694845701522098
1113	170-174	-0.001566475940826706
1113	175-179	0.10488330331685347
1113	180-184	-0.1245849708999458
1113	185-189	-0.36090842661283773
1113	190-194	0.04736201170762655
1113	195-199	0.15585509938803455
1113	200-204	0.7498686558002383
1113	205-209	0.22422628385576715
1113	210-214	0.0065514420302967835
1113	215-219	-0.11794703856384459
1113	220-224	0.2900252642979204
1113	225-229	-0.17614943337303046
1113	230-234	0.6132249144317861
1113	235-239	0.4610118142192583
1113	240-244	0.052605557463415664
1113	245-249	-0.28972595183865835
1113	250-251	-0.4225434902687937
1114	1	-0.17823750106028058
1114	2	-0.21596197290580932
1114	3	-0.4332052590348425
1114	4	-0.344900507409335
1114	5	-0.39220216820351084
1114	6	-0.6377341758366697
1114	7	-0.42404315450888674
1114	8	-0.7987749786921654
1114	9	-0.7674366791448577
1114	10-14	-0.4339943987653925
1114	15-19	-0.25389396815432974
1114	20-24	-0.5108505030745505
1114	25-29	-0.4420778999586119
1114	30-34	0.020363205971847265
1114	35-39	0.1269457762939865
1114	40-44	0.07349458752264582
1114	45-49	-0.020043268264309688
1114	50-54	-0.020487148392120957
1114	55-59	0.08576019800123191
1114	60-64	0.08497484011950007
1114	65-69	0.21283951083295705
1114	70-74	0.201778872926468
1114	75-79	0.03309265486724655
1114	80-84	-0.24966822270113198
1114	85-89	-0.04655044654779772
1114	90-94	0.34886969887886465
1114	95-99	-0.13123656033892672
1114	100-104	0.23017466514757956
1114	105-109	0.2273865437403515
1114	110-114	-0.020491174769666998
1114	115-119	-0.1617661191669626
1114	120-124	-0.06733360577991476
1114	125-129	0.3770216156911914
1114	130-134	-0.12577017599091533
1114	135-139	0.1798395543844009
1114	140-144	-0.03286373531845044
1114	145-149	-0.39082591926313626
1114	150-154	-0.12575704846670988
1114	155-159	-0.24725110831032993
1114	160-164	-0.3800935292664249
1114	165-169	0.17386653801617769
1114	170-174	-0.291868224666473
1114	175-179	-0.32633048356557026
1114	180-184	-0.8652393625652053
1114	185-189	-0.28319739607250227
1114	190-194	-0.08605173395135779
1114	195-199	-0.4835262333916006
1114	200-204	0.07107383671941037
1114	205-209	0.04142438681700966
1114	210-214	-0.6344798931071303
1114	215-219	-0.6627474471474457
1114	220-224	-0.5532244736822562
1114	225-229	-0.8005912436752318
1114	230-234	-0.26866966765229705
1114	235-239	-1.0567193412691651
1114	240-244	-0.9746736157252265
1114	245-249	-0.8990750588416248
1114	250-251	-1.4407539157676936
2101	1	0.1384843492754939
2101	2	0.17385767686147346
2101	3	-0.01733390263114387
2101	4	0.03524698336284615
2101	5	0.2822363650006494
2101	6	0.18223098081854516
2101	7	-0.20193136621358576
2101	8	-0.1236281712578915
2101	9	-0.02087944160447819
2101	10-14	0.03539452906640861
2101	15-19	0.07441096945802173
2101	20-24	0.1289634568025022
2101	25-29	0.18136715498946643
2101	30-34	-0.013283188428744097
2101	35-39	0.1554473251013988
2101	40-44	0.12192680921950938
2101	45-49	0.2814452511077761
2101	50-54	-0.01961294428790694
2101	55-59	0.15027377851552615
2101	60-64	0.048545738080612466
2101	65-69	0.11648474659004648
2101	70-74	0.13498719399829895
2101	75-79	0.10121256496422859
2101	80-84	0.07318832125127273
2101	85-89	0.03594389662670494
2101	90-94	0.6190758699161378
2101	95-99	0.01184908642387228
2101	100-104	0.34209324929347673
2101	105-109	0.6028898717061821
2101	110-114	0.12548829781470516
2101	115-119	0.08587748787626026
2101	120-124	-0.16828440985921134
2101	125-129	0.4696151627219223
2101	130-134	0.16688781972388966
2101	135-139	0.21560127914030147
2101	140-144	0.08899842109759959
2101	145-149	-0.04501473930390176
2101	150-154	0.21552834044624802
2101	155-159	0.0075542037601792345
2101	160-164	0.0060599024124528
2101	165-169	0.4730361446890825
2101	170-174	0.05542326358838068
2101	175-179	-0.011003827380434927
2101	180-184	-0.03132685902452437
2101	185-189	0.0013493924597582918
2101	190-194	-0.47921159727275864
2101	195-199	-0.23808006746833854
2101	200-204	0.8683909088148631
2101	205-209	0.6500668547800323
2101	210-214	-0.07833168427907111
2101	215-219	-0.007615944553517551
2101	220-224	0.1457827575758266
2101	225-229	-0.18177650567470138
2101	230-234	0.34568757176175424
2101	235-239	-0.05296776793873903
2101	240-244	-0.5971916456510193
2101	245-249	-0.18685163848190456
2101	250-251	-0.3217510153013734
2102	1	0.17031334226641803
2102	2	0.0022861145391033233
2102	3	0.046101135226834344
2102	4	0.056329743833615
2102	5	0.22559358188718903
2102	6	0.1209536317275024
2102	7	0.001285165495055196
2102	8	0.12313067930622879
2102	9	0.036909325148570815
2102	10-14	-0.03350947760350209
2102	15-19	0.1894362844290356
2102	20-24	0.061278659139091474
2102	25-29	0.028433154724758936
2102	30-34	0.06246706506072286
2102	35-39	0.3167083362348464
2102	40-44	0.5376674268593078
2102	45-49	0.37958863278728217
2102	50-54	0.12576223194341196
2102	55-59	0.2931718264102656
2102	60-64	0.3161476272566759
2102	65-69	0.3234373452411816
2102	70-74	0.37588736523663613
2102	75-79	0.2954232776419019
2102	80-84	0.030046090319409302
2102	85-89	0.08039037962282691
2102	90-94	0.5773690009424257
2102	95-99	0.0731092260026216
2102	100-104	0.4315566109065472
2102	105-109	0.48019234195809446
2102	110-114	-0.10809207695972844
2102	115-119	-0.37019403544771734
2102	120-124	-0.5899026003580374
2102	125-129	0.46309672387433665
2102	130-134	0.04640214069709714
2102	135-139	-0.07199241298994963
2102	140-144	-0.24882140993305768
2102	145-149	0.0994011506450363
2102	150-154	0.3167090902550953
2102	155-159	-0.4183619774948326
2102	160-164	0.2357176162919714
2102	165-169	0.8587662534472855
2102	170-174	0.10987473660446057
2102	175-179	0.10479461569789095
2102	180-184	0.11099505428325074
2102	185-189	-0.07066110844488804
2102	190-194	0.04986241131161506
2102	195-199	-0.6856675671285828
2102	200-204	-5.9414920487749825
2102	205-209	5.670163869559985E-4
2102	210-214	0.23804425242065008
2102	215-219	0.2525518710881407
2102	220-224	0.21556285398454733
2102	225-229	0.3534693362707735
2102	230-234	0.6318680305599678
2102	235-239	0.4702021961591143
2102	240-244	-0.03150245712457789
2102	245-249	-0.10566886637070638
2102	250-251	0.01769333829457409
2103	1	-0.14470202827219936
2103	2	0.04044638579805593
2103	3	0.0588441057042246
2103	4	-0.04664776569374851
2103	5	0.23023338670210336
2103	6	0.2042188228575199
2103	7	-3.3677716930286685
2103	8	-0.9754121890116423
2103	9	-0.40471242662354
2103	10-14	-0.05010460790389715
2103	15-19	0.1616642233458805
2103	20-24	0.125051977177975
2103	25-29	-0.04024238632355548
2103	30-34	-0.15290055744525688
2103	35-39	-0.1810183235367262
2103	40-44	-0.5263823959470599
2103	45-49	0.07278848309353947
2103	50-54	-0.13339428350692373
2103	55-59	-0.2230518502028076
2103	60-64	-0.24907808975824963
2103	65-69	-0.42075997067707505
2103	70-74	-0.47896699290443934
2103	75-79	-0.31962082376900725
2103	80-84	-1.0043206142487335
2103	85-89	0.14800812102410532
2103	90-94	0.5309159211419043
2103	95-99	0.23103250501261385
2103	100-104	0.5444033344119035
2103	105-109	0.18487454990730612
2103	110-114	0.05197676718198352
2103	115-119	0.2326185384759114
2103	120-124	-0.025802861047274916
2103	125-129	0.7698907067086367
2103	130-134	0.17621145646333503
2103	135-139	0.3141103621047705
2103	140-144	0.066711283624457
2103	145-149	-0.12471260034403286
2103	150-154	0.28166074056324675
2103	155-159	0.2985566659331269
2103	160-164	0.25855753633314293
2103	165-169	0.8930669550908945
2103	170-174	0.055274741496511126
2103	175-179	-0.30151248003877384
2103	180-184	0.08001838548847218
2103	185-189	0.010855395592770378
2103	190-194	-3.5594510124673953
2103	195-199	-0.5084603353943429
2103	200-204	-6.070278502463502
2103	205-209	-0.51975377344273
2103	210-214	0.14489629456340936
2103	215-219	-0.213470510149822
2103	220-224	-4.014568763846409
2103	225-229	-0.0103309279162076
2103	230-234	0.27827575127676596
2103	235-239	-2.8449626689320695
2103	240-244	-0.23026168341158382
2103	245-249	0.09916360898037624
2103	250-251	-0.026310092040908728
2104	1	0.15236717270625633
2104	2	0.17390457841684537
2104	3	0.04817677806159537
2104	4	0.04124092082862063
2104	5	0.31927329252817316
2104	6	0.14989163767982205
2104	7	0.23036123059950597
2104	8	0.04859596628570273
2104	9	-0.0034811821289579825
2104	10-14	-0.09368690415642078
2104	15-19	0.03723729931854791
2104	20-24	0.04278658331266172
2104	25-29	0.004172687022375499
2104	30-34	-0.04309196165851148
2104	35-39	-0.35852173214259864
2104	40-44	-0.7433660841562926
2104	45-49	-0.10953539869276341
2104	50-54	-0.12313991168433347
2104	55-59	-0.12218772007528145
2104	60-64	0.035292223383763144
2104	65-69	-0.005941707040321376
2104	70-74	-0.26979402964960997
2104	75-79	-0.19052407581701658
2104	80-84	0.025039421046550103
2104	85-89	-0.041894471669287725
2104	90-94	0.37330531099447484
2104	95-99	0.05813508198164641
2104	100-104	0.3252437121441929
2104	105-109	0.20871976830247974
2104	110-114	0.0590177799328373
2104	115-119	0.3130990101684361
2104	120-124	0.09100923867228516
2104	125-129	0.8060020102987409
2104	130-134	0.14536809253792882
2104	135-139	0.3202735536905408
2104	140-144	0.20861942991938065
2104	145-149	-0.017357841958947517
2104	150-154	-0.9126423525347747
2104	155-159	-0.14412521934107758
2104	160-164	0.2435831055617541
2104	165-169	0.8808548446385842
2104	170-174	0.2413656440851426
2104	175-179	0.1648143294128417
2104	180-184	-0.9193088399569902
2104	185-189	-0.6426639067368356
2104	190-194	-0.08160736124550994
2104	195-199	-0.43489362236525864
2104	200-204	-9.570498308602556
2104	205-209	-4.921627276708126
2104	210-214	0.4089058739838265
2104	215-219	-0.23702477206933636
2104	220-224	-0.12113438581859981
2104	225-229	-0.33795616442948173
2104	230-234	-4.093438740594767
2104	235-239	0.02113144869810668
2104	240-244	0.38226213935254805
2104	245-249	0.2346697001365321
2104	250-251	-0.1302836944128316
2105	1	0.006651698152616348
2105	2	0.03386441459373657
2105	3	-0.03384104535053467
2105	4	0.004242567074648207
2105	5	0.13137745480172214
2105	6	0.00897694541109928
2105	7	0.23786928610496716
2105	8	0.22973515040795434
2105	9	0.08007474904803047
2105	10-14	0.19077832668855876
2105	15-19	0.008127774977424451
2105	20-24	-0.2075373941525953
2105	25-29	-0.10309080107907675
2105	30-34	0.07304023959443384
2105	35-39	-0.6539485570473431
2105	40-44	-0.8045927362306529
2105	45-49	-0.4273690044391074
2105	50-54	-0.008072498609209333
2105	55-59	0.01656287905839804
2105	60-64	-0.1051748400867254
2105	65-69	-0.1382156352549586
2105	70-74	-0.18424776603333015
2105	75-79	-0.1095482202286675
2105	80-84	0.09863868863245528
2105	85-89	-0.13820321976851346
2105	90-94	0.18370596962011376
2105	95-99	0.16064973392114723
2105	100-104	0.3617217459234112
2105	105-109	0.19354286523602582
2105	110-114	-0.22554158686039472
2105	115-119	-0.23504124229624068
2105	120-124	-0.09283096891501685
2105	125-129	0.6367288218770355
2105	130-134	-0.11946959829032266
2105	135-139	0.31212676681229823
2105	140-144	0.11886549853691974
2105	145-149	-0.1790472780910548
2105	150-154	-3.305856787847894
2105	155-159	-1.777379190321227
2105	160-164	0.2980099998022183
2105	165-169	0.49417382102723195
2105	170-174	-0.15372691431667818
2105	175-179	-2.7315026244722347
2105	180-184	-0.19296192223144004
2105	185-189	-3.189037044810629
2105	190-194	-0.19130679094339342
2105	195-199	0.1546595137556892
2105	200-204	0.5676660300699439
2105	205-209	-4.7283833101075885
2105	210-214	0.28097735464790574
2105	215-219	0.3234391553915188
2105	220-224	0.4533389013269762
2105	225-229	-0.6222474357951384
2105	230-234	-4.8243714044886445
2105	235-239	0.34019644710942387
2105	240-244	0.4464426437412179
2105	245-249	0.24549267048470824
2105	250-251	-0.0034451451575989722
2106	1	-0.10644969084390965
2106	2	0.02586885800482719
2106	3	-0.0016726004582992005
2106	4	0.01577197022809429
2106	5	0.37143467663644003
2106	6	-0.04971203303491478
2106	7	0.1821436581287017
2106	8	-0.13180329457038908
2106	9	-0.007403830438221348
2106	10-14	0.1230854128959038
2106	15-19	0.06120780804465653
2106	20-24	-0.0709087462068112
2106	25-29	-0.15862138397538672
2106	30-34	0.2576534217140036
2106	35-39	0.26592515879823964
2106	40-44	0.5577056526022588
2106	45-49	0.16458420196422452
2106	50-54	-0.073121109182118
2106	55-59	-0.026405164549032634
2106	60-64	-0.15340457994049927
2106	65-69	0.012661421760206792
2106	70-74	0.10809531524837013
2106	75-79	0.195882472030668
2106	80-84	0.10646331167446732
2106	85-89	0.12943436666702013
2106	90-94	0.21658764227160532
2106	95-99	0.09411072921079011
2106	100-104	0.22793610606360204
2106	105-109	0.48296608292011456
2106	110-114	0.08872856564506293
2106	115-119	-0.3644093048484436
2106	120-124	-0.27139301736198007
2106	125-129	0.6075179148528349
2106	130-134	-0.8430431427717906
2106	135-139	0.20261476701896441
2106	140-144	-0.25097958486315264
2106	145-149	0.14307742159117964
2106	150-154	-3.4250078035462224
2106	155-159	-2.001948196667719
2106	160-164	0.2011569854300248
2106	165-169	0.7204924204916026
2106	170-174	-0.2073320190726804
2106	175-179	0.059589455750284515
2106	180-184	-0.043457069785411306
2106	185-189	0.010716242538563847
2106	190-194	-0.5301814712502946
2106	195-199	-0.4340913796627248
2106	200-204	0.9586536987430385
2106	205-209	-4.793592951276306
2106	210-214	-0.2097422885013991
2106	215-219	0.30108238220354266
2106	220-224	0.4399951053105404
2106	225-229	-0.2195932296243086
2106	230-234	-4.5517578004172385
2106	235-239	-0.029838084050425095
2106	240-244	0.10618930041881569
2106	245-249	0.09680761016281281
2106	250-251	0.4397205269083244
2107	1	-0.02023440002503918
2107	2	-0.31733165655118256
2107	3	-0.03437022394876266
2107	4	0.07355949860385635
2107	5	0.2959847878873205
2107	6	0.3733532979588077
2107	7	0.08799607037497026
2107	8	0.09450132815367596
2107	9	-0.015424227205421914
2107	10-14	-0.2807821035035829
2107	15-19	-0.03241422777686154
2107	20-24	0.0037342010704080053
2107	25-29	-0.0647553182423124
2107	30-34	-0.0712371629310482
2107	35-39	-0.3534157352229741
2107	40-44	-0.11590513558653015
2107	45-49	-0.22809582805595596
2107	50-54	-0.25091173761213525
2107	55-59	-0.4398870885168833
2107	60-64	-0.41399527275626014
2107	65-69	-0.15824973585171875
2107	70-74	-0.1520017535443472
2107	75-79	0.08114151534597625
2107	80-84	0.001715393115816255
2107	85-89	0.011909720242115895
2107	90-94	0.20331782030613965
2107	95-99	-0.13718855784297546
2107	100-104	-3.7063444660686287
2107	105-109	-3.7025614330421845
2107	110-114	-0.2487391007228723
2107	115-119	-0.5256240491833921
2107	120-124	-0.33741913863106276
2107	125-129	-3.997559947514034
2107	130-134	-1.4522125468261038
2107	135-139	-0.3662222688257444
2107	140-144	-3.240930772256789
2107	145-149	-1.628318086377213
2107	150-154	0.33469559810091454
2107	155-159	0.31316609133659057
2107	160-164	-0.04224655618324391
2107	165-169	-5.305101176968996
2107	170-174	-0.5254496502337886
2107	175-179	-0.2095707673741387
2107	180-184	-0.6022619856235707
2107	185-189	0.19862881305983393
2107	190-194	0.4282464038016158
2107	195-199	0.12321027482563096
2107	200-204	0.48715929374479217
2107	205-209	0.6679443179336033
2107	210-214	0.25038154144340297
2107	215-219	0.15802229745548146
2107	220-224	-1.1794415724381544
2107	225-229	-0.46286958952470414
2107	230-234	0.5977371490777159
2107	235-239	-0.5821328859615953
2107	240-244	-0.03657045001356707
2107	245-249	-0.12741520689887764
2107	250-251	0.017955165245268745
2108	1	-0.8513933296608265
2108	2	-0.5894055645658085
2108	3	-0.36187714446455743
2108	4	-0.34478058337735007
2108	5	-6.208126698613537
2108	6	-0.9920666987269868
2108	7	-0.2618332612365961
2108	8	-0.14689205045160492
2108	9	0.044513114741072
2108	10-14	-0.06696276355479824
2108	15-19	0.15802318017858852
2108	20-24	0.04449943127153233
2108	25-29	0.05216508329563396
2108	30-34	0.0027792765099619032
2108	35-39	-0.05464355185601022
2108	40-44	0.22919134965961518
2108	45-49	0.16853495470186175
2108	50-54	0.0897378539037561
2108	55-59	-0.12275223918201306
2108	60-64	-0.0036090240356756453
2108	65-69	-0.26437017138241004
2108	70-74	-0.05038599772761643
2108	75-79	0.11652033962262465
2108	80-84	0.10040855754849787
2108	85-89	-0.0068045403695862205
2108	90-94	0.6162367780701601
2108	95-99	0.13371129143310156
2108	100-104	0.1227758751397019
2108	105-109	-4.009607812027667
2108	110-114	-0.40153502412979236
2108	115-119	-0.3304775881099644
2108	120-124	0.22944710887524877
2108	125-129	-4.2765607929123775
2108	130-134	0.012592811816858784
2108	135-139	0.13717798054883446
2108	140-144	-0.19216513140739977
2108	145-149	0.10500617055082984
2108	150-154	0.1813117905024697
2108	155-159	0.1804927586131626
2108	160-164	0.47499364895074336
2108	165-169	-5.336790471683933
2108	170-174	-1.957170402407307
2108	175-179	0.2180340115242103
2108	180-184	-0.03859095524919809
2108	185-189	0.4057002445918698
2108	190-194	-0.3531462258959692
2108	195-199	0.09477437519360166
2108	200-204	1.067394977828176
2108	205-209	-2.021896282320082
2108	210-214	-6.492685712551481
2108	215-219	0.2093681087472561
2108	220-224	0.5510309724644067
2108	225-229	0.24842105279039473
2108	230-234	0.44039729919116866
2108	235-239	-0.6236496925591943
2108	240-244	0.23921940782490125
2108	245-249	0.6363946466079433
2108	250-251	0.24167632406398454
2109	1	0.13065085157544587
2109	2	0.04302011337224343
2109	3	-6.687188060041649E-4
2109	4	-0.011757765271170229
2109	5	-0.25251612882895813
2109	6	-0.2417054824465268
2109	7	0.06520825312845346
2109	8	0.05868239979397316
2109	9	-0.046621976345761595
2109	10-14	0.1351318521730036
2109	15-19	0.07630306787502406
2109	20-24	-0.11488178441228314
2109	25-29	-0.28531687051363974
2109	30-34	-0.3414816776124141
2109	35-39	-0.4919384695423119
2109	40-44	-0.3790664585323924
2109	45-49	-0.3906356019702244
2109	50-54	-0.38356413711218806
2109	55-59	-0.3952082099026697
2109	60-64	-0.3867389556897294
2109	65-69	-0.2346211580996851
2109	70-74	-0.5018127424977195
2109	75-79	-0.09670619686161785
2109	80-84	-0.1605466260628461
2109	85-89	-0.19353189454670883
2109	90-94	-2.41635035775861
2109	95-99	-0.5003736959829226
2109	100-104	0.2692253098323647
2109	105-109	-3.6117456709282365
2109	110-114	-0.5375255104646541
2109	115-119	-1.220237212055629
2109	120-124	-0.488066401169327
2109	125-129	-4.651587722754908
2109	130-134	-0.6141925609104675
2109	135-139	-0.5654999793126336
2109	140-144	0.1549565403410682
2109	145-149	-0.538717089187216
2109	150-154	-0.22019027259378987
2109	155-159	-0.12096222582889737
2109	160-164	-0.11504809596100074
2109	165-169	-6.207614942255891
2109	170-174	-0.9327445610225951
2109	175-179	-0.017641756430663236
2109	180-184	-0.21639644486762677
2109	185-189	0.11888654612405247
2109	190-194	-1.1863001773568236
2109	195-199	-0.41517727016525185
2109	200-204	1.0095799086980115
2109	205-209	0.6948119521075498
2109	210-214	0.22509164351832212
2109	215-219	0.04423131450613127
2109	220-224	0.3263350179279776
2109	225-229	0.2716106658722097
2109	230-234	0.13698182388435853
2109	235-239	0.2015185359171774
2109	240-244	-0.05112304217198371
2109	245-249	0.10590195102742683
2109	250-251	0.09271040411290699
2110	1	-0.08821381019954799
2110	2	0.048747650133812215
2110	3	0.01700663609521058
2110	4	-0.05222736285581675
2110	5	0.45184870378108855
2110	6	0.31537850398190415
2110	7	0.39446462934893844
2110	8	-0.05294993851430263
2110	9	-0.08533173719722953
2110	10-14	0.046194893389873926
2110	15-19	-0.01963393429669935
2110	20-24	0.006914460068799144
2110	25-29	-0.22646926444634374
2110	30-34	-0.2519561567165738
2110	35-39	0.12531085524528152
2110	40-44	-0.3753227596990669
2110	45-49	-0.050601691181775266
2110	50-54	0.12301697062169836
2110	55-59	0.16114766991115204
2110	60-64	0.31270708430295
2110	65-69	0.08364434217508432
2110	70-74	0.1362402672509333
2110	75-79	0.3482971588053658
2110	80-84	0.09115965173561591
2110	85-89	0.08877444032166437
2110	90-94	-4.212614466455875
2110	95-99	-0.6026547155980779
2110	100-104	-0.21342723946536069
2110	105-109	0.4053598550992987
2110	110-114	-0.17824158913120414
2110	115-119	-0.34975626454532005
2110	120-124	-0.4848210790101888
2110	125-129	0.4288501951096251
2110	130-134	0.2731159597038939
2110	135-139	0.1756578291304507
2110	140-144	0.49505745569547344
2110	145-149	0.20474369906155232
2110	150-154	0.1431189746285213
2110	155-159	-0.11293775224198299
2110	160-164	-0.28179734599692097
2110	165-169	0.5560076939265954
2110	170-174	0.39645213472409324
2110	175-179	0.2923424919367932
2110	180-184	0.12159288395426415
2110	185-189	0.5462850805562809
2110	190-194	-0.5279157294743229
2110	195-199	-0.03901337100228375
2110	200-204	1.08633276881039
2110	205-209	1.0206299208612393
2110	210-214	0.5416921093354183
2110	215-219	0.25044586713885764
2110	220-224	0.035168731183485846
2110	225-229	0.5785668251376137
2110	230-234	0.8116297447425893
2110	235-239	0.30865182702216387
2110	240-244	0.5990966866359706
2110	245-249	0.32145887874238355
2110	250-251	0.3131591727529326
2111	1	0.02534226751722457
2111	2	0.11799518994384783
2111	3	-0.005525267308009063
2111	4	0.015741700233974143
2111	5	0.26123407588375613
2111	6	0.13233740205429
2111	7	-0.7316724128513528
2111	8	-0.14648767969512733
2111	9	-0.03194256077714641
2111	10-14	-0.27422710953985785
2111	15-19	-0.22287867909801662
2111	20-24	0.19914797802342576
2111	25-29	-0.06795008244309031
2111	30-34	-0.29040077090147065
2111	35-39	0.19371646718434476
2111	40-44	-0.3013487665244483
2111	45-49	0.10114073643401156
2111	50-54	0.01910144656327617
2111	55-59	-0.04912147527059574
2111	60-64	0.2458263962375682
2111	65-69	0.07116590701460268
2111	70-74	0.29631485790432777
2111	75-79	0.37682143302220794
2111	80-84	0.07940851255263226
2111	85-89	0.04951193214386507
2111	90-94	-3.508704194456314
2111	95-99	-0.5460734862281029
2111	100-104	-4.794471988148633
2111	105-109	0.44348991662830883
2111	110-114	0.2531732013516077
2111	115-119	0.4624874264189671
2111	120-124	0.097214082382159
2111	125-129	0.9462132733641582
2111	130-134	0.5444944082228744
2111	135-139	0.3949739882312926
2111	140-144	0.1125145572212034
2111	145-149	0.24950625462205522
2111	150-154	0.593716795937496
2111	155-159	0.35468964158365424
2111	160-164	-0.3947660494348497
2111	165-169	1.065934028092265
2111	170-174	0.6528324157549221
2111	175-179	0.328417399997214
2111	180-184	0.08435030619810391
2111	185-189	0.8034131520116858
2111	190-194	0.7601212792726386
2111	195-199	0.6047936523705175
2111	200-204	1.4125668028368814
2111	205-209	1.32996477044113
2111	210-214	0.6574966391220123
2111	215-219	0.5036213075982054
2111	220-224	0.7385378698572502
2111	225-229	0.4240199122635673
2111	230-234	1.3596638191870944
2111	235-239	0.5949485203944107
2111	240-244	0.6892556413392477
2111	245-249	0.9369677518674848
2111	250-251	0.7131779545721315
2112	1	-0.033869428416750225
2112	2	-0.1874304818053929
2112	3	-0.05411533186961037
2112	4	-0.11770065139924668
2112	5	-0.20239794908982134
2112	6	0.008267961125582701
2112	7	0.21832952138949935
2112	8	0.13509595057220736
2112	9	0.0016048705930415963
2112	10-14	-0.2788001006415115
2112	15-19	-0.8943927271529688
2112	20-24	5.09060549802598E-6
2112	25-29	-0.22332136838528527
2112	30-34	-0.2145299546434174
2112	35-39	0.41642765895424105
2112	40-44	0.2168350485890329
2112	45-49	0.1776043975146422
2112	50-54	0.12337655616324383
2112	55-59	0.025582068679142367
2112	60-64	0.34047676538322236
2112	65-69	0.25456181163804104
2112	70-74	0.3460592017215305
2112	75-79	0.20069371593940843
2112	80-84	0.24861812287037566
2112	85-89	-0.1346823850565002
2112	90-94	0.5725967759439143
2112	95-99	0.1935656348864896
2112	100-104	0.39079631208254995
2112	105-109	0.5522715719516356
2112	110-114	0.18358654021294285
2112	115-119	0.1265755201573313
2112	120-124	0.24737023448749795
2112	125-129	0.5164627820249379
2112	130-134	-0.14320767159063053
2112	135-139	-0.45472614556771873
2112	140-144	-0.0949648746502092
2112	145-149	-0.3340103886795376
2112	150-154	0.5262324695957474
2112	155-159	0.11678804903064588
2112	160-164	-0.3633868600163268
2112	165-169	0.93633848626515
2112	170-174	0.4578507952479285
2112	175-179	0.18716021071829658
2112	180-184	0.3708889149070629
2112	185-189	0.4998049602493637
2112	190-194	0.5591917251656113
2112	195-199	0.3471275494369408
2112	200-204	1.1609263227078408
2112	205-209	1.2665709514339305
2112	210-214	0.5254262108894991
2112	215-219	0.4635557031941886
2112	220-224	0.3205788555800275
2112	225-229	0.5335687127398892
2112	230-234	0.9454889621317015
2112	235-239	0.05032060526217563
2112	240-244	-2.5975177926194633
2112	245-249	-2.3009691700152572
2112	250-251	0.21495968474216554
2113	1	-0.09760310679772033
2113	2	0.01543192350076339
2113	3	-0.030589766250166406
2113	4	-0.11725213395455825
2113	5	0.2246984925856097
2113	6	0.17727885005830046
2113	7	0.09791939230104418
2113	8	-0.007053347024282175
2113	9	0.14190226151085739
2113	10-14	0.20395500407997247
2113	15-19	-0.6095340856237428
2113	20-24	-0.16243176521882674
2113	25-29	0.16613597804773406
2113	30-34	0.12036231735430647
2113	35-39	0.38930588913676445
2113	40-44	0.4412910585601608
2113	45-49	0.41702162507136364
2113	50-54	-0.5353522413171135
2113	55-59	-0.49258945129710696
2113	60-64	-0.2505432031504924
2113	65-69	-0.23046054960032336
2113	70-74	-0.2219412719822884
2113	75-79	-0.2552973820985116
2113	80-84	0.21549652735588154
2113	85-89	-0.2784573957627856
2113	90-94	0.5000506388191681
2113	95-99	0.26062489748477446
2113	100-104	0.4493638584511004
2113	105-109	0.5912799297381142
2113	110-114	0.2882377445089688
2113	115-119	0.1404344256429937
2113	120-124	0.19746069273338662
2113	125-129	0.7056809664133112
2113	130-134	0.08491816682549569
2113	135-139	-2.5997944677513516
2113	140-144	0.34745375024935043
2113	145-149	-0.015733402886901615
2113	150-154	0.4768059139103187
2113	155-159	0.3097142584035595
2113	160-164	0.4143829624656732
2113	165-169	0.8888537575835969
2113	170-174	0.32911692296531214
2113	175-179	0.1200616090202189
2113	180-184	0.43059477653301315
2113	185-189	0.6599457286753392
2113	190-194	0.5165121461782078
2113	195-199	0.529602034690619
2113	200-204	1.0548394205764673
2113	205-209	0.8957932640509227
2113	210-214	0.6812843132470512
2113	215-219	0.7208321898464618
2113	220-224	0.8706837667960095
2113	225-229	0.6593095108557527
2113	230-234	1.2637256497411329
2113	235-239	0.9200247363680383
2113	240-244	0.6807043085821896
2113	245-249	0.5532124211708549
2113	250-251	0.44887654388575626
2114	1	-0.518134196144878
2114	2	-0.565040144088556
2114	3	-0.4448209129155032
2114	4	-0.4138266183127257
2114	5	-0.8295450049947846
2114	6	-2.051273590755791
2114	7	-0.755780114904546
2114	8	-0.4419554181094796
2114	9	-0.9154877026608403
2114	10-14	-1.3746044639788906
2114	15-19	-0.9089135586158719
2114	20-24	-1.52986515279445
2114	25-29	-1.4987677433752395
2114	30-34	-0.8745805152996695
2114	35-39	-0.93513754775379
2114	40-44	-0.7815651082907564
2114	45-49	-0.96597345408275
2114	50-54	-1.7416409510546416
2114	55-59	-1.267410460629499
2114	60-64	-1.596775144817265
2114	65-69	-1.6292424760946247
2114	70-74	-1.2514072368709108
2114	75-79	-0.9094046647019951
2114	80-84	-0.955408017461437
2114	85-89	-0.91276089110724
2114	90-94	-0.3014369721128034
2114	95-99	-1.489421791103581
2114	100-104	-0.4481384174179368
2114	105-109	-0.9140253561341041
2114	110-114	-1.8543889544073124
2114	115-119	-1.9003396182701877
2114	120-124	-1.5539731668743286
2114	125-129	-0.7894040969649794
2114	130-134	-0.7797962448823199
2114	135-139	-1.5580657477923836
2114	140-144	-0.41236714373685857
2114	145-149	-0.41173804157827476
2114	150-154	-0.28609681730998915
2114	155-159	-0.5339870411043464
2114	160-164	-2.1502496421755026
2114	165-169	-0.24085459401288034
2114	170-174	-0.5903916312855486
2114	175-179	-0.6637678844680508
2114	180-184	-0.7285324254701067
2114	185-189	-0.7768187219840001
2114	190-194	-0.8061743198097489
2114	195-199	-0.5956132634082962
2114	200-204	0.03712751631735145
2114	205-209	-0.8746970814730233
2114	210-214	-1.6435061559635002
2114	215-219	-2.903928644266202
2114	220-224	-0.8013408427571385
2114	225-229	-2.950443062695193
2114	230-234	-1.4544944520829297
2114	235-239	-0.6798893395936361
2114	240-244	-1.1981660085843409
2114	245-249	-1.7290748937650626
2114	250-251	-1.5677093508723843
>>END_MODULE
>>Per sequence quality scores	pass
#Quality	Count
14	3.0
15	13.0
16	9.0
17	27.0
18	142.0
19	481.0
20	1201.0
21	2495.0
22	4378.0
23	7339.0
24	11127.0
25	16294.0
26	22635.0
27	30723.0
28	40496.0
29	51415.0
30	64368.0
31	77856.0
32	91987.0
33	107126.0
34	124580.0
35	151922.0
36	216519.0
37	373806.0
38	103058.0
>>END_MODULE
>>Per base sequence content	pass
#Base	G	A	T	C
1	20.34710484819997	29.215947087512962	26.29329226214884	24.143655802138237
2	24.728666666666665	27.659333333333336	26.484799999999996	21.1272
3	20.788641577283155	29.306191945717224	27.083520833708334	22.821645643291287
4	21.2003090672848	25.877851755703514	30.597727862122394	22.324111314889297
5	24.81863212421416	26.172774485163234	27.131647544316962	21.87694584630564
6	21.909066666666664	25.797199999999997	29.52613333333333	22.767599999999998
7	25.288333333333334	25.262400000000003	27.18926666666667	22.259999999999998
8	21.901281267520844	25.19628346418898	30.376420250946833	22.526015017343344
9	21.689733333333333	27.20266666666667	28.809600000000003	22.298000000000002
10-14	21.839049501127295	27.4008044738206	28.768532638631193	21.99161338642091
15-19	21.687015908275743	27.791388384065325	27.501316689489286	23.02027901816965
20-24	21.544719024418864	27.451859614876916	27.70966167729342	23.2937596834108
25-29	21.916862457304617	26.89180023341542	28.447880801068486	22.743456508211473
30-34	22.084949518747752	27.23519592827277	28.38022254391484	22.299632009064638
35-39	22.194833818448974	27.958194276479915	27.645991362586052	22.200980542485063
40-44	22.39884895953958	27.863944478911122	27.458637650121727	22.278568911427566
45-49	22.389761206280685	27.770986617770316	27.56707848296508	22.272173692983923
50-54	22.38387879872325	27.732074735596207	27.541541072004527	22.342505393676014
55-59	22.392586871104246	27.697446570269218	27.527753033303643	22.382213525322896
60-64	22.38783004916946	27.70259017989512	27.514536370158805	22.395043400776615
65-69	22.414153565044728	27.737473869867607	27.445139055371214	22.40323350971645
70-74	22.433961876728837	27.82337193696095	27.376624436365617	22.3660417499446
75-79	22.450179609276987	27.75704340236411	27.331250547507956	22.46152644085094
80-84	22.496934109727736	27.762171454371405	27.310218491935345	22.430675943965515
85-89	22.51634578217686	27.827263312660744	27.22236570471765	22.434025200444747
90-94	22.541496193726594	27.818743729769256	27.199280933538354	22.440479142965795
95-99	22.545343072872402	27.83435707654886	27.077503579523288	22.54279627105545
100-104	22.58608047178495	27.917449901318104	27.003810597426526	22.492659029470424
105-109	22.57510029085448	27.941792832292673	26.936090558944404	22.54701631790844
110-114	22.59038056462483	27.987464575597926	26.784035029419655	22.638119830357585
115-119	22.59036831456907	28.047760617600996	26.689767092708294	22.672103975121633
120-124	22.558433904541253	28.062464465936444	26.592582881473636	22.78651874804867
125-129	22.53229460079185	28.164068146288045	26.559538928201686	22.74409832471842
130-134	22.44529134169059	28.2453625486214	26.437479914711698	22.871866194976313
135-139	22.407044879318146	28.224411791137953	26.41021722973487	22.958326099809035
140-144	22.343056820176034	28.3428653268535	26.304261553208207	23.00981629976226
145-149	22.219721215707857	28.44234247292679	26.28073943324377	23.057196878121584
150-154	22.125091558655345	28.534910833570798	26.267189791674973	23.07280781609888
155-159	21.994711598081455	28.630429245956023	26.206231673607196	23.168627482355326
160-164	21.8559224908844	28.762084964274308	26.205396222817374	23.176596322023922
165-169	21.701544688930035	28.962897436506037	26.19423967920522	23.141318195358707
170-174	21.52405491935558	29.11966170159118	26.155843785264143	23.2004395937891
175-179	21.334368264850013	29.274876326261584	26.182882853210714	23.20787255567768
180-184	21.16805616837819	29.50570648438132	26.144980479237745	23.181256868002738
185-189	20.971575261274143	29.737449787281818	26.131027892976604	23.15994705846743
190-194	20.78909147350662	29.87874347873164	26.18524269172569	23.14692235603605
195-199	20.532030093354685	30.171240260802673	26.1349912653746	23.16173838046804
200-204	20.38431023240495	30.353734493780177	26.19416727449226	23.067787999322615
205-209	20.20222411861966	30.542348925276013	26.197877220118404	23.05754973598592
210-214	19.897653726753212	30.942893510326762	26.15884926712463	23.000603495795396
215-219	19.69502541254891	31.023376771604934	26.234686669232055	23.0469111466141
220-224	19.552937198181006	31.203777091038265	26.278733808314335	22.964551902466397
225-229	19.2992121910646	31.41232792180259	26.272635973176843	23.01582391395597
230-234	19.205743681097427	31.52164347468972	26.367704394297387	22.904908449915464
235-239	19.0223551141864	31.634169354404275	26.48696738392414	22.856508147485187
240-244	18.813902167463382	31.83294997699862	26.455600669373496	22.897547186164502
245-249	18.60367498864942	31.96378747442369	26.540442409377015	22.89209512754988
250-251	19.10908730284398	32.62025204635573	26.01324401760758	22.257416633192715
>>END_MODULE
>>Per sequence GC content	pass
#GC Content	Count
0	0.0
1	0.0
2	0.6666666666666666
3	0.3333333333333333
4	0.3333333333333333
5	0.0
6	0.0
7	0.0
8	0.0
9	0.0
10	0.0
11	0.0
12	0.3333333333333333
13	0.3333333333333333
14	0.0
15	0.0
16	0.0
17	0.0
18	0.3333333333333333
19	1.3333333333333333
20	1.0
21	6.999999999999997
22	6.333333333333331
23	8.666666666666664
24	11.66666666666667
25	28.666666666666632
26	50.66666666666675
27	92.66666666666643
28	179.6666666666674
29	282.66666666666805
30	433.66666666665947
31	623.6666666666677
32	972.333333333374
33	1566.3333333332564
34	2555.000000000044
35	4137.666666667374
36	6564.999999998499
37	10391.333333334353
38	16109.333333344754
39	23800.33333331827
40	33907.99999996061
41	45284.00000004338
42	57078.33333346253
43	67423.66666682993
44	75153.66666671744
45	77728.00000001332
46	74358.33333339568
47	66644.33333350794
48	55414.33333345042
49	42867.00000002579
50	30850.999999959287
51	20837.999999995714
52	13418.666666673193
53	8248.666666663788
54	4842.333333333399
55	2820.6666666668316
56	1645.3333333332384
57	966.0000000000399
58	620.3333333333339
59	426.9999999999932
60	310.33333333333314
61	234.33333333333562
62	186.33333333333425
63	142.66666666666634
64	100.66666666666632
65	61.66666666666683
66	44.66666666666671
67	35.66666666666664
68	25.999999999999975
69	18.333333333333336
70	11.333333333333336
71	4.0
72	0.3333333333333333
73	1.0
74	1.0
75	0.0
76	0.0
77	0.0
78	0.3333333333333333
79	0.3333333333333333
80	0.3333333333333333
81	0.3333333333333333
82	0.0
83	0.0
84	0.0
85	0.0
86	0.0
87	0.0
88	0.0
89	0.0
90	0.0
91	0.0
92	0.0
93	0.0
94	0.0
95	0.0
96	0.0
97	0.0
98	0.0
99	0.0
100	0.0
>>END_MODULE
>>Per base N content	pass
#Base	N-Count
1	0.011000000000000001
2	0.0
3	1.9999999999999998E-4
4	1.9999999999999998E-4
5	6.666666666666666E-4
6	0.0
7	0.0
8	6.666666666666667E-5
9	0.0
10-14	0.0025466666666666667
15-19	0.0017333333333333333
20-24	7.999999999999999E-4
25-29	8.933333333333333E-4
30-34	0.00116
35-39	9.333333333333332E-4
40-44	3.9999999999999996E-5
45-49	7.199999999999999E-4
50-54	1.7333333333333334E-4
55-59	1.1999999999999999E-4
60-64	2.5333333333333333E-4
65-69	5.066666666666667E-4
70-74	1.8666666666666666E-4
75-79	0.0014533333333333334
80-84	0.007293333333333334
85-89	7.066666666666667E-4
90-94	0.00368
95-99	0.005306666666666666
100-104	0.00868
105-109	0.014146666666666667
110-114	0.012426666666666666
115-119	0.01916
120-124	0.025506666666666667
125-129	0.008053333333333332
130-134	0.009733333333333333
135-139	0.00264
140-144	0.01392
145-149	0.010626666666666666
150-154	0.009453333333333333
155-159	0.007600000000000001
160-164	0.006600000000000001
165-169	0.008346666666666667
170-174	0.004653333333333333
175-179	0.008413333333333333
180-184	0.00732
185-189	0.005413333333333333
190-194	0.009226666666666668
195-199	0.0071600000000000006
200-204	0.007866666666666666
205-209	0.005333333333333333
210-214	0.004826666666666667
215-219	0.00216
220-224	0.006293333333333334
225-229	0.002826666666666667
230-234	0.003733333333333333
235-239	0.0067733333333333335
240-244	0.006
245-249	0.0051333333333333335
250-251	0.005166666666666667
>>END_MODULE
>>Sequence Length Distribution	pass
#Length	Count
251	1500000.0
>>END_MODULE
>>Sequence Duplication Levels	pass
#Total Deduplicated Percentage	95.53128838925016
#Duplication Level	Percentage of deduplicated	Percentage of total
1	95.66046803869635	91.38567759655348
2	4.08978145783955	7.81404183795756
3	0.22729279815809153	0.6514072154892081
4	0.01470982603836246	0.05620994533706022
5	0.004053544966515423	0.019362018659748917
6	0.0016420296916801111	0.009411912721176256
7	5.449787803585418E-4	0.003644376752271758
8	4.921870738128835E-4	0.0037615412231903783
9	3.009248415435919E-4	0.002587296403889126
>10	4.3505810893079775E-4	0.006493686810181468
>50	0.0	0.0
>100	2.791558048079785E-4	0.04740257209223011
>500	0.0	0.0
>1k	0.0	0.0
>5k	0.0	0.0
>10k+	0.0	0.0
>>END_MODULE
>>Overrepresented sequences	pass
>>END_MODULE
>>Adapter Content	fail
#Position	Illumina Universal Adapter	Illumina Small RNA 3' Adapter	Illumina Small RNA 5' Adapter	Nextera Transposase Sequence	SOLID Small RNA Adapter
1	0.028266666666666666	0.0	0.0	0.7960666666666667	0.0
2	0.0284	0.0	0.0	1.2756	0.0
3	0.028533333333333334	0.0	0.0	1.7510666666666668	0.0
4	0.0286	0.0	0.0	2.2776666666666667	0.0
5	0.0288	0.0	0.0	2.8291333333333335	0.0
6	0.028866666666666665	0.0	0.0	3.4560666666666666	0.0
7	0.029	0.0	0.0	4.0846	0.0
8	0.029133333333333334	0.0	0.0	4.745933333333333	0.0
9	0.029266666666666667	0.0	0.0	5.380533333333333	0.0
10-14	0.029626666666666662	0.0	0.0	7.022866666666667	0.0
15-19	0.030706666666666667	0.0	0.0	9.57192	0.0
20-24	0.03236000000000001	0.0	0.0	12.100426666666667	0.0
25-29	0.036719999999999996	0.0	0.0	14.543266666666668	0.0
30-34	0.047426666666666666	0.0	0.0	16.9092	0.0
35-39	0.06828000000000001	0.0	0.0	19.23997333333333	0.0
40-44	0.10057333333333333	0.0	0.0	21.55946666666667	0.0
45-49	0.14908000000000002	0.0	0.0	23.83134666666667	0.0
50-54	0.22442666666666664	0.0	0.0	26.09809333333333	0.0
55-59	0.33166666666666667	0.0	0.0	28.30645333333333	0.0
60-64	0.48057333333333335	0.0	0.0	30.504226666666664	0.0
65-69	0.6812133333333333	0.0	0.0	32.63356	0.0
70-74	0.9436533333333333	0.0	0.0	34.73076	0.0
75-79	1.2844666666666669	0.0	0.0	36.78505333333333	0.0
80-84	1.7162	0.0	0.0	38.805173333333336	0.0
85-89	2.2357066666666667	0.0	0.0	40.73844	0.0
90-94	2.851106666666667	0.0	0.0	42.602626666666666	0.0
95-99	3.5900533333333327	0.0	0.0	44.401253333333344	0.0
100-104	4.443426666666666	0.0	0.0	46.150279999999995	0.0
105-109	5.456666666666667	0.0	0.0	47.861039999999996	0.0
110-114	6.620626666666666	0.0	0.0	49.5676	0.0
115-119	7.90736	0.0	0.0	51.20124	0.0
120-124	9.295480000000001	0.0	0.0	52.74242666666667	0.0
125-129	10.794173333333333	0.0	0.0	54.21371999999999	0.0
130-134	12.447640000000002	0.0	0.0	55.65118666666666	0.0
135-139	14.199879999999999	0.0	0.0	57.037466666666674	0.0
140-144	16.013413333333332	0.0	0.0	58.359519999999996	0.0
145-149	17.869706666666666	0.0	0.0	59.59910666666667	0.0
150-154	19.78102666666667	0.0	0.0	60.77317333333333	0.0
155-159	21.761493333333334	0.0	0.0	61.922093333333336	0.0
160-164	23.755346666666664	0.0	0.0	63.002880000000005	0.0
165-169	25.762786666666663	0.0	0.0	64.01728	0.0
170-174	27.838053333333335	0.0	0.0	65.0088	0.0
175-179	29.920080000000002	0.0	0.0	65.95468000000001	0.0
180-184	32.004533333333335	0.0	0.0	66.84753333333333	0.0
185-189	34.020786666666666	0.0	0.0	67.69849333333335	0.0
190-194	35.96264	0.0	0.0	68.47313333333332	0.0
195-199	37.80604	0.0	0.0	69.18719999999999	0.0
200-204	39.6314	0.0	0.0	69.85746666666667	0.0
205-209	41.501573333333326	0.0	0.0	70.50036	0.0
210-214	43.361039999999996	0.0	0.0	71.12650666666666	6.666666666666667E-5
215-219	45.18076	0.0	0.0	71.71278666666666	6.666666666666667E-5
220-224	46.88001333333333	0.0	0.0	72.26164	6.666666666666667E-5
225-229	48.49845333333333	0.0	0.0	72.77190666666665	6.666666666666667E-5
230-234	50.14864	0.0	0.0	73.2604	6.666666666666667E-5
235-239	51.74680000000001	0.0	0.0	73.73493333333333	6.666666666666667E-5
240	52.690333333333335	0.0	0.0	74.00773333333333	6.666666666666667E-5
>>END_MODULE
